0 10
0 -25
0 27
0 28
10 11
-10 15
-10 19
10 -19
10 2
-10 20
10 -22
10 25
-10 -26
10 -26
10 28
10 -28
10 3
-10 4
-10 -7
10 7
10 -7
-11 0
11 0
11 -1
-11 -11
11 -12
-11 15
11 -2
-11 -20
-11 23
-11 -27
-11 28
-1 13
-11 -4
11 4
-11 -5
-11 -8
11 -8
-12 0
-12 -15
-12 19
-12 -2
1 -22
12 -20
12 -28
-1 -23
1 -23
1 24
-1 25
-1 26
12 -7
13 -10
13 11
-13 12
-13 15
-13 18
13 18
-13 19
-13 2
-13 -21
-13 26
-13 27
13 -5
-1 -4
14 14
14 16
-14 -18
14 18
-14 25
14 25
14 28
-14 -30
-14 4
-14 9
-15 -1
15 -11
-15 -17
15 20
-15 22
15 -24
15 25
-15 -26
-15 4
-15 -5
-15 -9
16 0
16 10
-16 -16
16 -19
-16 -2
16 -22
16 29
16 -3
-16 8
16 -9
17 1
17 10
-17 -12
-17 15
17 16
-17 18
-17 -19
-17 -2
-17 26
-17 -28
-17 29
-17 -29
-17 3
-17 6
-17 -7
-18 -11
18 -12
-18 16
-18 -18
18 24
18 -25
-18 -27
-18 6
18 6
19 1
-19 10
19 11
-19 -13
19 -13
-19 16
-19 19
19 -2
-19 -22
19 27
-19 -28
19 -30
19 -4
-20 -1
-20 -16
-20 -17
-20 24
20 -25
-20 3
-20 -7
21 -16
-21 17
-21 -18
21 -19
-21 20
21 -22
21 3
-21 4
-21 6
-21 -6
-2 17
-2 -17
-2 19
2 -20
22 0
22 10
22 -10
22 -13
-22 -14
-22 -18
-22 -19
-22 -2
22 -20
22 -23
22 -24
-22 -25
-22 27
22 -29
22 -3
-2 -24
-22 5
22 -6
22 -8
-22 9
-2 3
-23 0
23 0
-23 -1
23 1
-23 -15
23 -15
-23 17
-23 18
-23 -21
-23 -22
23 24
23 26
-23 27
23 -30
23 -6
23 9
24 -12
-24 -14
-24 16
-24 18
-24 19
-24 -19
-24 -2
24 -2
24 21
24 25
24 -26
-24 29
-24 4
24 7
-25 0
25 0
25 -10
-25 12
25 12
25 -12
-25 -15
25 16
-25 -2
25 -20
25 21
-25 -25
25 26
-25 27
-25 28
25 -28
-25 -3
-25 -6
25 6
25 7
-26 -11
-26 14
-26 -2
26 28
-26 -4
26 4
26 5
-27 -11
-27 -12
27 -12
27 -14
-27 15
27 16
27 20
27 -23
-27 27
-27 29
-27 -3
-27 -4
-27 5
-27 9
-28 -17
28 -19
28 25
-28 -26
-28 -27
28 -30
-28 7
-29 -15
-29 17
-29 -18
29 -19
29 2
-29 21
-29 -26
-29 28
29 29
-29 -5
-29 6
29 8
-29 -9
29 9
-30 -13
-30 14
-30 16
-30 -16
-30 17
-30 18
-30 -19
-30 2
-3 -1
-3 10
3 11
-3 -14
-3 16
-3 22
-3 -22
-3 -23
-3 -24
3 24
3 -24
3 -27
-3 -28
-3 -29
-4 -1
4 -11
-4 13
-4 17
-4 -19
-4 23
-4 -23
-4 24
-4 -27
-4 -29
-4 -7
5 14
-5 19
5 2
5 27
5 28
5 -30
-6 -10
6 13
-6 14
-6 -15
6 -16
6 -18
6 -2
-6 -24
6 -25
-6 26
-6 28
-6 7
-6 -9
7 1
-7 10
-7 -10
7 14
7 15
-7 17
7 -23
-7 -29
-7 6
7 -8
8 -10
-8 -13
-8 2
8 -2
-8 -22
8 22
8 -22
-8 -23
-8 -25
-8 -27
-8 29
8 3
-8 -5
9 0
9 -12
9 18
-9 -20
-9 -22
9 23
9 -23
-9 -26
-9 -28
-9 -30
-9 9
12 21
14 -19
-15 12
-15 27
17 -17
-18 10
-18 -14
19 -25
20 -2
20 -27
-22 14
-23 15
-26 27
26 -9
27 -1
27 23
-3 9
4 -14
4 -21
-4 26
6 -15
7 -16
8 -30
9 -20
