0 10
0 19
0 -2
0 20
0 -20
0 35
0 43
0 46
0 47
0 -47
0 -8
-10 -12
-10 -14
-10 15
10 -19
10 -21
10 22
-10 24
10 -24
10 -25
-10 27
10 27
10 28
10 -29
10 -39
10 -4
10 -48
10 49
-10 -5
-10 -7
10 7
-11 -1
-11 10
-11 16
11 18
11 20
11 -21
11 -22
11 28
-11 -29
-1 -13
-11 39
-11 4
11 -46
-11 -47
11 47
-11 -49
-1 -16
-1 -18
-11 -8
-1 19
-1 -22
-12 -2
-12 20
-12 -25
-12 -29
-12 -30
-12 -31
-12 -36
12 -36
-12 37
12 37
-12 38
-1 -24
12 -44
-12 -47
12 -49
-1 25
-1 -25
1 25
-1 -27
-1 28
-1 -31
-13 18
13 22
-13 -27
13 34
-13 39
13 -4
13 41
-13 -47
-13 5
-13 6
-13 7
-1 -38
-13 -8
13 9
-1 40
-1 -41
14 -14
14 -19
-14 21
-14 -22
14 22
-14 32
14 33
-14 42
14 44
-14 -47
-1 -5
-15 1
15 -11
-15 12
-15 -12
15 13
15 16
-15 -18
15 22
15 -23
-15 -26
15 -30
15 31
-15 35
-15 -42
15 49
-15 -5
-15 7
-1 -6
-16 -1
-16 14
-16 20
-16 -22
-16 -24
-16 -25
16 -28
-16 3
-16 -30
-16 37
16 -44
-16 -45
16 46
16 -46
-16 -9
17 16
17 -18
-17 -23
-17 -24
-17 -25
17 27
17 29
-17 3
17 33
17 34
-17 -35
-17 45
-17 -50
18 0
18 -16
18 23
18 25
18 -33
18 -38
-18 -42
-18 48
-18 -48
18 48
18 -48
-18 49
18 49
-18 -50
19 -1
-19 10
19 23
19 -36
19 -40
19 -42
-19 43
-19 -44
-19 -46
19 -48
-19 -6
19 7
20 -16
-20 32
20 -36
-20 40
-20 -41
-20 43
-20 6
20 -6
-21 1
-21 11
21 17
-21 2
21 -25
-21 28
-21 -28
-21 -30
21 30
-21 34
21 -41
-21 -42
21 45
-21 -48
-2 -15
2 16
-2 -17
2 -17
-2 -18
2 19
22 -13
22 15
-22 17
2 -22
22 25
-22 -3
2 -23
22 -31
22 33
22 -33
-22 37
22 -37
-22 -4
-22 -47
22 -47
22 48
-22 -49
-22 -5
2 -30
23 -10
-23 -13
23 -17
-23 21
-23 -25
-23 28
-23 -29
-23 -30
-23 34
23 39
-23 40
-23 42
23 -48
23 -6
23 -8
-24 0
2 40
24 12
24 -12
-24 -16
-2 -42
24 24
-24 -28
2 43
24 -38
-24 40
24 44
24 -48
-2 45
-24 5
-2 48
-2 -48
-24 8
-24 -8
2 -5
-25 -10
-25 -11
-25 16
25 2
-25 20
-25 -21
25 22
25 -22
25 -28
-25 29
-25 -38
25 43
-25 -46
25 -46
25 47
-25 6
25 6
-25 7
-25 8
-2 6
-26 10
-26 11
26 15
26 17
26 -19
26 21
-26 -26
-26 28
26 29
26 -29
26 33
-26 39
26 -41
-26 42
26 42
26 47
26 48
-26 -5
-26 -8
27 11
-27 12
27 12
27 -15
27 -17
-27 18
-27 19
27 -31
-27 -33
-27 39
27 -39
-27 -43
27 43
27 47
2 8
-28 -11
28 2
28 -22
-28 31
28 -33
28 41
28 42
28 43
28 46
28 47
-28 49
-28 -6
-28 7
-29 -11
-29 17
-29 18
29 18
-29 -19
-29 21
-29 -24
29 -32
29 38
29 5
-29 9
-30 -11
-30 13
-30 18
-30 22
30 -30
30 -37
30 43
-30 -44
30 44
30 -44
30 45
-30 -47
30 -5
-30 6
30 -6
-30 9
31 12
-31 -18
31 -18
-31 2
-31 -27
-31 -3
-31 -33
31 34
31 -40
-31 -41
-31 -47
-31 -48
-31 -5
-31 -50
-3 16
-31 6
-3 -17
3 19
3 20
-3 21
3 21
-32 11
32 -13
-32 -16
-32 21
-32 -22
32 -22
-32 -26
32 -29
32 -30
32 -31
32 41
-32 44
32 -47
3 -25
32 5
32 -6
3 -27
32 -7
32 8
-32 -9
3 -3
-3 30
33 10
-33 13
-33 -16
-33 18
-33 -18
-33 -19
-33 24
-33 25
33 26
33 -26
-33 32
33 32
-33 39
-33 -45
33 -46
-33 -47
33 48
-33 -6
33 7
34 1
-34 12
-34 -16
34 16
34 17
-34 2
3 -42
34 -24
34 -25
34 -27
34 29
34 30
-34 -31
34 31
34 34
34 -37
34 -40
34 -42
-34 -45
-34 -48
-34 -8
3 -48
-34 -9
3 -49
3 5
35 13
35 -13
-35 17
35 19
-35 20
-35 21
35 -23
35 24
-35 26
-35 28
35 -28
-35 -36
-35 -39
35 -40
35 -42
35 46
35 -46
-35 48
-35 -49
-35 6
-35 9
36 11
-36 -15
-36 17
36 19
-36 21
36 -21
-36 -25
36 25
-36 30
36 -38
-36 39
36 -43
-36 -44
36 48
-37 12
-37 -13
-37 -16
37 17
37 -17
-37 19
37 19
-37 25
-37 -27
-37 -36
37 -43
37 44
-37 49
-37 -9
38 -17
-38 -20
-38 21
-38 25
-38 -34
-38 4
38 -44
-38 -45
-38 48
38 -5
38 8
38 9
-39 0
-39 -11
39 -13
39 -14
-39 16
39 18
39 -21
-39 -24
39 -24
39 -25
39 26
39 -28
39 30
39 -34
-39 35
39 -42
-39 -44
-39 47
39 -47
-39 48
-39 -48
40 -11
-40 12
-40 -13
40 13
-40 -18
-40 23
40 -3
-40 30
40 30
40 -30
-40 -34
-40 38
-40 -46
-40 -47
40 47
40 5
4 -1
41 -13
-41 -2
-41 -3
4 -13
-41 -30
41 33
41 37
-41 -39
41 47
-41 -50
4 -2
-4 21
-42 -11
-42 -14
-42 -19
42 25
42 27
-4 -23
42 -32
-42 -40
42 42
-42 45
42 -46
-42 -48
42 -50
-4 27
42 -7
-4 28
4 -31
-43 11
-43 13
-43 18
-43 -2
-43 21
43 21
-43 29
43 29
-43 32
43 33
43 -40
-43 -41
-43 -47
4 -36
-43 -7
-4 41
4 41
-44 10
44 17
-44 -21
-44 -23
-44 33
-44 -35
44 -35
-44 -36
-44 -40
44 -42
-44 -5
4 46
45 13
45 -22
45 -28
-45 30
-45 33
45 -33
45 35
45 -38
45 -39
-45 40
45 40
45 45
-45 -46
-45 7
-46 -12
46 15
-46 18
-46 21
46 23
46 26
-46 30
-46 34
46 34
46 -34
-46 -41
46 -44
-46 45
-46 46
46 -47
46 5
46 -5
46 -7
47 -11
47 -12
-47 -13
47 -13
47 -18
-47 -22
47 -3
-47 30
47 30
-47 31
-47 -33
47 -35
47 37
-47 40
-47 -42
47 5
-47 -6
47 -6
47 -8
48 -1
48 13
-48 14
48 24
-48 -25
48 33
-48 -36
-48 -40
48 -5
48 -50
49 14
49 -15
49 -16
49 19
-49 22
49 3
49 34
49 35
-49 36
-49 -37
-49 -39
-49 42
-49 -45
-49 -7
49 9
-5 0
-50 -19
-50 3
-50 30
-50 -33
-50 -41
-50 -42
-50 -47
5 15
5 -17
-5 -22
-5 25
-5 -3
-5 -31
5 -36
-5 -42
-5 -44
5 -47
-5 9
-6 10
-6 -14
-6 20
6 -22
-6 24
-6 27
6 27
-6 29
6 -34
6 44
6 -47
-6 -49
6 6
6 8
-7 10
-7 -16
7 -17
7 -2
-7 -20
-7 -28
-7 30
7 30
7 33
7 48
-7 -6
7 9
-8 1
-8 19
-8 2
8 -21
8 23
-8 -25
-8 -27
8 30
-8 -32
8 33
-8 42
8 -43
-8 -5
8 8
-9 0
9 0
9 11
-9 12
-9 16
-9 21
9 21
-9 23
-9 24
-9 29
-9 -30
9 33
9 -4
-9 42
9 5
9 -6
9 -9
0 9
-10 -21
-13 -7
-15 -14
-15 27
-17 16
-18 33
-19 13
22 -50
-2 4
24 0
24 -27
26 45
30 21
33 -36
34 25
36 -46
40 40
-41 40
45 -34
47 -2
5 18
8 -10
-9 -45
-9 47
-35 1
5 47
