-1 92
-50 66
-92 13
-87 82
16 -28
82 17
61 39
98 10
-56 -52
28 -76
7 66
-81 47
28 48
5 -70
-64 39
24 46
-51 66
-42 88
-7 29
-89 -41
-90 -37
21 -71
-57 1
1 -82
72 -84
-10 81
-42 4
-36 -38
81 -1
51 27
81 -74
-52 43
-91 -90
45 68
81 54
-43 -85
30 -82
54 -55
-26 15
-63 14
64 71
61 -95
63 17
16 -43
-17 6
8 -59
75 78
73 -76
-56 -54
-24 -87
-38 -27
19 -90
32 -31
18 39
15 -30
52 -92
66 27
-36 35
-68 -5
96 -85
-26 80
-67 85
33 -46
-85 65
-70 61
-70 -56
-3 65
93 59
79 -91
24 -80
-90 65
68 -83
-15 29
-52 52
-51 -1
-67 76
89 -1
-23 -22
-24 13
-95 6
-59 61
41 -11
-34 18
7 30
93 -87
-15 -24
-65 -10
51 99
45 36
83 93
5 4
-21 94
-30 18
78 38
-7 19
14 32
39 -80
-19 57
-53 -50
3 30
86 -10
-54 -91
-32 66
-20 57
33 -8
-81 -10
21 -92
-53 -2
74 -21
4 93
86 5
81 49
-35 -36
-11 -36
-90 -89
22 33
-91 -94
-82 -61
12 -54
-56 -59
-95 27
-24 -56
-30 73
-74 -4
-82 19
60 -68
-71 42
88 -46
85 36
79 -37
-98 1
70 98
97 -90
-93 90
-16 80
69 56
60 -97
48 -23
-43 -73
17 -39
37 -100
60 34
76 85
22 86
-74 -51
89 76
25 31
-14 91
-43 47
-1 27
-23 -33
38 1
97 24
1 74
-43 84
87 66
47 38
-37 73
34 -36
-51 91
4 -99
20 -23
91 19
4 -67
-57 89
12 96
-51 -26
-54 66
-79 14
28 19
-87 -13
-79 42
-8 88
61 -60
21 -5
-2 23
5 47
31 -12
55 -43
-57 -62
-10 -7
29 -15
77 84
-30 39
-6 75
-7 -31
-42 -2
-9 67
-57 -24
58 -93
67 44
24 97
20 -73
-39 -22
-75 -35
-87 99
-96 69
-32 23
-99 -68
88 79
48 -25
-62 -55
38 29
-89 -88
42 84
51 41
80 11
-44 -99
-52 38
78 -22
76 32
46 57
-62 63
45 -94
44 17
41 -71
94 -77
28 52
16 68
13 -92
-87 -38
-27 -96
-94 91
-64 10
-21 -78
52 99
42 -80
41 -83
-4 -16
-88 41
44 -30
29 99
-8 -28
-51 -84
92 91
14 4
2 37
-35 -50
54 97
-11 15
56 -72
33 -34
32 -88
-22 -43
-74 17
-33 -11
-75 62
59 42
53 47
87 -55
-34 -35
-22 77
89 34
-98 24
23 -5
-24 -2
86 15
-68 86
40 -67
89 -25
20 -28
2 37
34 30
58 -89
-21 -11
-3 72
-34 -47
-32 -37
-81 41
-23 -30
68 -4
-78 -11
23 -83
-13 4
86 -7
83 76
-24 77
12 -68
-5 -3
9 -71
19 13
95 -60
88 -43
14 -62
-13 -23
50 -81
-29 -1
-25 23
-40 2
-32 -53
22 28
61 -27
-47 -25
96 -86
-1 1
-27 -95
28 12
22 -94
99 -83
33 99
94 42
-22 -3
21 -63
-57 26
2 66
-33 35
-92 39
3 -90
-56 98
-48 13
42 84
-12 -65
53 -55
-54 -89
-14 40
7 -74
81 -86
-59 -9
65 86
82 -85
-29 84
-36 -74
51 -15
16 50
-2 -91
21 1
-88 29
93 -92
-11 -46
-25 -45
91 -54
31 13
-55 -68
-53 7
88 -15
-58 35
-2 -34
85 -28
-7 -8
-26 6
-85 86
-36 -15
-9 -50
27 92
-80 61
-50 -66
-41 -100
-66 7
35 81
65 -17
94 43
39 72
-83 48
-62 -77
75 85
44 -15
95 91
12 -8
54 -76
-50 -57
-17 50
40 -70
11 83
-92 -56
-1 -79
-28 55
56 -29
-99 -94
8 9
-80 -37
83 67
26 -44
-72 -81
-95 75
-11 0
-64 -61
-73 -66
95 89
31 -17
-37 -43
21 -25
-82 73
-27 9
90 -28
-1 79
6 -22
51 58
-48 -73
-52 34
18 -81
-19 69
50 -43
7 27
58 14
14 -61
0 87
39 -78
49 10
58 -7
68 53
58 -54
-3 13
22 -55
-2 -87
5 71
47 42
0 5
36 -4
-49 -98
-8 22
78 -77
-92 42
61 -62
-48 -60
88 80
-72 37
-82 32
81 -80
-74 26
-75 -75
46 72
23 -16
-69 -58
-95 79
-89 -79
-9 67
-49 -36
73 -89
54 -28
-38 -92
62 -56
-4 -5
-64 67
-12 -5
-63 -63
-71 -44
30 76
-91 43
-62 95
-92 -65
69 -52
28 -60
15 -61
-86 11
-92 61
-46 -93
58 80
45 -38
27 -43
39 -79
-89 -85
-16 68
69 -2
76 97
-51 98
16 63
-1 -19
55 74
59 -9
9 90
4 -94
19 -52
-39 -59
-26 10
9 -16
28 -73
28 -96
50 -19
31 -61
12 -78
64 -5
-25 99
-60 -20
-79 29
36 57
16 -58
84 79
11 65
33 -72
62 -33
86 60
-72 66
-98 82
-73 -11
-11 61
-60 40
-99 42
-17 -100
63 88
93 -37
80 75
-19 13
-39 -79
37 -73
-86 -71
48 96
82 -11
98 27
87 16
-83 48
97 51
-85 93
64 -7
-82 18
31 74
93 -46
98 91
42 27
-5 -24
-57 -75
-56 23
92 77
-66 30
-14 83
-19 0
17 -15
-96 48
-61 82
-56 82
-81 -58
-20 36
67 -67
16 -33
77 -42
-17 70
77 -19
-14 91
56 10
31 74
68 -78
-36 -16
-69 -70
-83 4
31 8
46 29
78 -24
88 -66
-91 91
79 26
-6 -58
41 85
-57 91
-10 -81
32 7
26 -38
28 38
-49 -71
34 64
44 -3
98 53
-47 20
28 -43
17 -47
74 9
24 98
-89 71
0 50
-33 -5
51 -90
55 87
-30 -7
-90 17
3 67
-50 22
-9 -56
18 -94
-44 -10
30 23
47 -28
36 18
-90 50
-100 37
64 19
-18 40
52 19
-51 72
91 41
-53 63
52 -60
-82 36
-37 36
69 2
-10 92
16 39
75 -5
15 -76
45 -63
84 44
-3 -1
11 67
-64 -54
-61 36
1 -71
16 5
61 -4
5 77
-2 3
26 8
42 48
54 72
-55 -29
85 -6
-88 89
-44 -53
72 46
-73 -27
-94 47
-23 5
42 -24
92 66
-54 6
-90 -70
-61 26
-5 3
-63 -35
-83 -87
-93 -35
14 9
41 94
-11 46
-57 80
88 62
46 80
79 -86
-28 -30
-22 -65
27 -71
23 35
53 46
-72 40
-93 15
10 -69
-3 70
45 5
2 -4
57 -99
74 50
-21 -55
-27 -14
17 -52
94 78
87 -29
-20 -81
50 4
5 -7
-7 38
36 29
-12 76
-4 -19
-11 12
-85 -30
86 -100
-60 22
31 25
-5 -43
42 -11
12 71
-23 -37
71 37
-52 88
-41 -37
28 -67
-72 45
-96 -44
40 -36
-10 47
7 22
-63 71
-54 -80
-51 46
7 80
32 -13
-92 59
24 71
22 -66
-25 19
-67 -54
99 -40
51 -72
-40 18
-32 -5
58 -41
-79 -24
-81 -17
31 8
38 15
-18 -12
79 -65
-8 -33
97 -57
-90 76
-51 -80
-43 29
11 -15
-85 -7
28 -33
92 -54
2 -76
8 -17
-33 29
39 -10
-60 16
-51 -23
-40 -83
-80 -43
-20 14
-23 29
11 -43
-26 -98
-51 -56
-15 -44
-65 -23
-29 72
-67 -22
-44 -18
-73 -85
75 24
-47 -88
93 4
17 -65
77 -95
12 8
33 -66
67 11
39 0
15 -92
-74 -69
15 -53
45 -73
32 -37
-91 -15
-94 -45
-3 3
-16 23
16 -78
98 -76
1 -36
24 39
-16 -99
-42 31
-59 87
-46 17
-86 -19
2 -24
48 64
28 -72
-67 87
0 15
94 92
79 -29
-20 48
58 23
23 -35
-8 70
35 -39
-82 76
-47 -14
34 -39
71 69
-22 46
-22 -80
-16 -26
-49 50
63 34
28 38
69 42
31 10
25 -23
86 -50
-80 -58
59 70
-73 -24
21 -43
-91 56
11 -99
38 80
46 67
-17 -3
99 41
-44 7
35 -41
-34 -23
90 -14
-13 -83
3 -62
60 33
38 24
55 -83
59 87
-15 -57
92 86
-67 -51
-46 91
-35 93
52 83
70 7
-23 -5
56 -35
50 22
-11 -94
-45 -98
87 67
93 -49
75 -44
27 90
-71 10
-9 16
47 -29
8 68
-85 -33
-37 70
-69 58
7 45
39 32
-25 30
-67 -96
91 81
98 41
-86 -33
95 -19
53 -34
-46 75
8 55
97 -57
-66 82
98 -70
30 99
-49 72
-49 -70
-37 75
-25 21
-42 -24
-92 -61
12 48
87 -72
-12 -28
12 -63
-33 7
75 -28
25 -62
51 96
89 -23
-69 -96
-58 30
40 -51
69 -33
95 -19
-80 59
-3 73
-15 92
69 -52
-93 10
77 -9
-78 -1
-98 66
37 -76
-49 -29
-93 22
-60 85
-9 -78
-96 -75
-74 -91
-96 -74
19 96
25 29
80 -23
57 -23
-100 24
15 5
98 63
6 -15
25 54
61 -100
-58 -92
-70 76
-11 5
59 97
-94 -45
60 90
44 -1
88 97
35 -24
-90 -43
41 83
8 -69
56 -72
-69 -8
90 -90
-40 12
-88 -81
-30 -47
-25 -33
39 45
-51 65
68 56
82 88
-57 -53
-48 19
68 65
-37 55
83 -33
-7 -88
-70 44
63 -30
-63 -27
33 -67
-9 19
80 -3
-25 -90
-84 65
-36 -48
98 11
27 -65
-10 -48
28 -87
-49 -97
-16 -11
-47 -23
87 -9
-73 12
-89 -13
-80 49
18 8
-76 58
35 55
37 -63
26 -79
2 40
-96 -78
85 -14
-78 93
96 -12
83 54
-36 -86
-74 21
18 76
-92 -42
52 -92
62 64
-46 40
70 -29
85 24
-88 93
72 60
-35 -23
-61 39
23 -77
78 0
37 50
-65 19
-78 93
27 48
39 -36
-3 98
-36 -60
-79 -79
21 -31
-63 38
-92 -64
-66 -42
17 -84
75 -98
5 -41
46 -12
-30 -36
-22 -11
10 50
80 17
-6 -41
-96 -61
92 -50
-61 55
74 -34
-86 59
86 8
69 35
97 99
97 1
50 58
19 -21
-30 -19
9 -52
-49 70
21 -78
52 -23
-39 63
-65 -13
16 78
54 -4
-63 73
91 -82
90 -6
-39 -57
99 -18
77 6
70 62
19 9
41 64
16 -27
-19 1
95 -42
-35 95
-90 -85
31 -91
70 -76
70 36
54 84
-84 -90
-73 -1
37 -23
37 -96
-58 98
69 -19
-73 -6
-85 23
-60 -18
-73 10
-44 38
-57 59
-12 -20
30 8
39 -71
70 76
93 -36
-84 -38
9 51
52 32
-64 -98
55 -78
-2 12
-98 -24
22 -54
-42 -29
12 39
83 52
8 64
-50 28
-47 70
-15 -18
-61 73
-26 60
28 -13
-47 -21
-84 -80
-96 -18
-21 -62
14 -31
-89 -22
78 74
15 21
-28 -36
96 3
19 -42
34 -3
87 -94
65 2
-47 -19
-32 20
20 -53
-80 4
76 52
76 24
-50 94
88 12
48 -83
40 92
59 8
-81 18
43 -23
42 12
-75 43
-41 99
-76 -2
-46 -58
-93 32
-40 -12
97 48
32 -56
-28 31
-27 9
44 -27
29 -63
-9 92
69 23
-10 55
94 47
78 21
-34 27
1 -67
-9 51
21 6
-95 -57
-57 -87
48 10
-66 -67
41 -86
-14 29
76 -53
-86 -81
78 -72
37 11
14 -4
89 -42
39 -76
53 -9
-10 97
-29 -89
-32 23
-74 85
-25 -55
-21 13
-63 3
55 -73
-45 -16
-55 88
48 48
-31 -56
-49 -87
-61 -19
-70 27
-11 5
-1 -95
-60 38
-63 5
-96 -34
-18 -51
-37 -51
-1 -78
45 -53
-48 2
-66 60
59 68
12 16
35 98
-76 26
-63 97
-87 -8
-83 -47
58 -81
-60 24
32 -87
12 19
82 -70
-29 22
10 -91
95 -47
-49 26
61 15
56 -99
33 27
-7 -24
31 66
29 13
25 -3
28 -50
-19 -75
16 -83
37 -74
-70 10
-47 64
79 -93
-81 -31
31 96
45 -1
30 -87
-19 37
63 45
36 62
89 -38
-85 -65
-36 40
-61 0
-71 14
-65 -85
24 69
15 57
81 -62
62 -80
-83 54
58 -64
79 32
3 -49
-7 -77
-70 -12
66 -33
-76 -40
-73 48
79 -86
87 -80
7 59
-45 -73
-37 28
78 69
-75 66
43 -1
-57 9
22 -81
66 56
-49 37
75 20
26 -23
-30 -80
-62 -66
7 64
-37 84
-33 -91
7 -79
76 -94
79 45
57 -99
92 99
85 24
-6 -25
64 8
84 -5
2 -38
-81 40
23 41
-56 99
-37 26
93 -81
-29 40
95 63
-40 -78
44 -99
58 -33
-15 47
-18 34
-1 76
-19 -45
76 51
87 -22
20 87
35 -25
-35 82
-15 -3
99 -75
-69 -77
-64 12
67 -94
-35 -94
-52 89
52 56
-84 -50
-83 -35
-55 -95
85 84
72 6
39 -13
19 -48
34 -87
-59 -74
88 46
47 -90
-97 -89
55 50
-93 56
22 64
30 -62
30 20
74 -97
-23 40
56 86
57 76
86 -40
30 51
81 32
-84 1
-80 -6
68 69
-55 -38
31 -64
77 66
-26 -53
49 -50
-12 -92
82 90
-79 -52
29 28
13 57
88 -18
-59 27
32 17
-9 -39
-75 67
-87 17
-10 -8
-59 58
69 94
39 -50
30 97
-51 -25
22 -1
-76 -39
26 -91
66 1
21 -28
-26 63
-67 53
16 -58
38 21
-35 32
-38 -43
55 -54
-78 -70
-47 -46
29 47
50 6
-79 22
-10 -31
-12 -54
-91 -3
-65 10
35 -11
-19 42
77 -76
34 39
-32 -21
-84 31
-37 60
90 -67
46 -71
-38 -93
-76 9
50 -51
-25 -75
-65 75
84 52
-20 61
88 -80
69 45
57 71
-67 -50
69 95
-1 -25
-46 33
95 -72
92 -9
-16 30
16 -64
37 -81
41 88
58 60
41 -82
-81 -61
-25 87
-35 50
47 -68
24 -12
37 51
-71 -69
38 47
91 -91
28 -33
71 -40
27 75
-68 -94
1 -99
-66 -2
59 37
-62 98
64 -93
-20 36
-93 56
-64 -62
-65 -61
0 74
-14 -86
-38 -84
86 -12
41 -66
4 -80
-21 -96
-30 97
-8 44
-93 70
-23 -16
30 4
-41 56
-83 -75
-74 -70
19 59
91 82
97 72
-64 61
-30 -13
20 25
-23 65
77 -68
-13 -11
85 -57
-10 -80
73 -3
-87 63
-56 68
-27 -61
82 -99
-16 99
82 -35
56 23
-97 73
61 -38
95 26
18 -57
55 -18
24 -65
75 45
-84 14
-88 0
81 34
48 -84
92 51
-50 80
-42 15
22 95
85 -90
-24 -60
71 -57
84 -41
26 -40
-43 5
25 44
-66 59
25 -14
-74 -54
54 24
-90 7
23 64
1 -88
55 1
-99 2
-72 3
-95 15
-3 11
-59 -46
-71 39
52 -70
-53 45
10 -5
-60 41
7 -58
52 67
9 -19
-2 96
-81 9
-50 86
-99 53
47 69
-4 90
33 49
1 44
26 -66
-48 -77
17 48
-27 -81
31 -23
88 27
59 58
77 -75
77 33
-51 79
21 5
-71 95
-11 -92
50 -99
-88 45
91 40
94 96
61 -4
-63 99
10 23
18 19
-2 73
-88 -97
6 22
-17 30
35 -37
-98 32
12 3
75 30
4 14
-29 6
10 10
-16 -66
-3 -5
-1 -38
-75 88
55 80
9 68
24 20
46 -40
87 74
-83 16
-81 17
-94 78
-7 -4
40 16
-85 24
-73 68
88 -69
37 -47
-26 87
9 -47
-52 -39
-2 98
-73 26
39 44
61 -87
67 9
56 16
61 39
-23 -11
-60 -46
-94 -8
-12 -28
-50 -94
40 66
-51 -1
-13 -86
-96 99
-69 -23
-47 -60
0 90
-73 97
-37 13
89 87
23 -7
85 84
80 94
-29 -13
70 79
-12 36
-63 -45
99 91
-58 73
-59 64
-75 70
-40 39
-53 65
56 55
4 -80
-42 -68
49 -93
-100 -50
-22 -6
-60 46
-69 -63
-65 -28
64 36
62 -99
20 19
77 -90
34 -97
-68 25
45 -84
-83 -100
66 38
60 -48
9 -5
-70 30
-87 97
-77 24
-63 98
-81 93
61 -42
17 -3
-46 99
94 -68
86 -4
-8 68
45 13
-29 -32
20 31
-9 91
31 -96
-93 33
-47 -36
77 44
5 -3
95 -6
48 38
-78 -100
93 -19
-88 31
9 71
95 14
-83 -15
95 -53
-44 -86
36 18
-68 -67
17 20
-60 89
16 91
-46 38
-50 -97
-68 -56
-99 -48
89 53
51 64
74 -13
-45 -40
39 58
87 36
-98 54
-84 -9
-92 -37
72 58
71 78
52 41
88 36
-99 58
72 -10
65 -39
12 -12
-21 7
-40 -52
-69 -21
-60 -42
54 63
-18 -41
-2 -85
-90 -43
24 -65
23 23
-26 47
-73 -39
94 89
-66 -52
35 65
-76 62
48 48
35 2
-51 16
-63 -16
9 -92
-96 -56
41 42
96 -39
10 -5
-76 -25
-98 97
-22 -28
98 -12
-66 -86
-53 -18
89 -31
-86 -5
-32 33
-66 83
50 81
-44 -78
71 -93
3 -98
10 -93
80 20
48 5
-6 6
-16 20
-55 -3
92 21
-7 -92
58 32
60 -63
92 -74
-5 43
-83 31
98 -86
19 72
4 -29
-5 75
40 -26
81 79
16 -44
-23 -6
-45 -62
5 -93
53 97
-13 92
-13 -77
45 2
82 23
12 53
-21 68
-17 69
40 -56
21 84
-61 4
51 26
71 86
-60 -98
-39 34
83 -71
42 22
31 -46
1 -69
0 -25
-70 -66
-46 76
-7 -72
-56 14
-88 74
58 33
-22 50
-15 -80
79 -45
-13 -44
70 -86
-18 84
-67 -78
-41 -60
-79 74
-85 -56
71 69
29 -35
-98 -29
28 47
-49 -92
64 57
9 15
-76 8
-10 41
-67 56
-91 51
30 55
-2 -75
-29 33
-66 -64
-11 39
-31 -59
-62 -88
-45 -86
-44 77
-70 27
-74 -47
-87 -56
-45 -93
-9 8
-98 -27
-53 22
-82 72
-60 57
-9 43
4 -33
94 66
79 -39
-19 40
36 -1
-92 -21
-11 -8
16 -44
-80 -67
-48 92
-46 97
82 17
53 -99
53 76
-78 18
-18 -24
-96 2
-8 -49
-18 -71
-83 -46
3 -23
-45 -97
57 -96
29 -11
98 -88
11 96
69 9
35 -48
75 67
-20 0
-6 28
58 89
5 -28
-18 0
96 91
-23 -62
87 -28
-49 90
-47 -43
21 -81
70 -63
81 17
81 81
-9 7
88 35
-41 -21
-49 -98
-95 83
31 -48
-17 -61
80 -46
52 -74
37 38
8 -10
-18 8
-78 -12
3 96
79 35
-67 -75
-23 84
-80 22
-35 94
35 49
25 68
-44 -46
-40 -64
40 -4
37 75
67 -40
12 11
42 45
-56 -7
-41 -21
27 -23
75 -83
59 -31
3 -57
16 52
-36 98
-25 -34
-38 -46
35 88
-18 60
20 82
75 -67
-34 -46
-88 59
13 95
-41 43
8 -69
-13 92
-100 -43
32 -68
-77 -17
5 -81
-14 -48
-3 85
55 1
4 -59
54 90
42 16
34 17
1 67
-14 -89
-10 -18
27 -45
-4 -25
72 34
-11 -40
-27 -52
-82 -5
47 -96
-69 53
-95 -12
-83 8
-19 -24
79 -51
-12 89
42 -76
-22 -76
-91 41
39 1
99 77
-51 67
-93 3
53 13
-33 -80
65 -26
61 -88
-5 -43
46 62
23 82
-99 -83
-88 63
70 53
16 -24
-27 -1
-82 7
-82 98
-49 -14
86 99
-90 -43
39 -66
-12 52
-90 29
-90 45
-6 -15
30 24
-78 43
70 -96
88 60
50 -61
-49 41
9 -96
72 -12
-79 25
-89 -47
-20 66
38 54
-26 -22
11 -56
-87 -79
23 -41
-93 -8
93 73
-27 -57
-5 12
-3 65
37 -3
-24 74
78 89
-86 54
-100 -77
38 -48
-48 81
26 35
36 -13
44 -100
-85 -7
-69 54
-55 23
-84 -12
17 17
13 49
-39 -21
-5 -76
47 -39
-42 -33
-9 -29
-28 -35
15 45
88 5
9 61
86 -6
-71 20
-49 -87
27 -96
-77 -57
72 49
-23 6
-93 17
-62 -83
44 -9
-93 -15
77 -63
-73 -10
-91 6
-44 -47
24 -70
-50 96
-61 -50
-10 83
47 -68
-95 41
-32 48
-56 -18
-40 71
59 -4
-4 24
54 4
40 87
-90 -1
7 75
-94 98
24 44
64 99
-67 -55
11 -46
28 36
-56 26
-86 -76
1 -64
-14 -28
-93 93
-60 75
-100 88
2 30
13 -18
95 -30
-4 -2
-41 12
48 42
41 50
-86 23
-7 -74
-84 -7
58 38
6 -48
95 77
67 72
38 59
24 65
-94 75
91 26
85 57
-85 -49
47 -57
26 -22
57 44
76 96
-58 76
28 95
-9 -11
71 46
-77 -51
-33 -61
45 -2
15 53
22 -13
43 -54
24 66
94 73
0 13
94 -42
57 44
88 11
-18 23
-23 -22
8 20
8 -18
11 54
61 -92
84 -13
8 -85
29 85
-55 -29
83 43
-60 -56
79 -72
-8 87
23 -82
-59 10
67 97
-76 19
76 -27
-71 10
-16 -37
84 34
-68 77
38 -75
11 70
3 -55
84 -97
10 51
-28 87
-71 -48
89 -93
-7 92
-81 -90
-55 55
49 45
98 -59
45 -25
29 63
64 -10
-3 -1
-97 -76
49 -80
25 61
-28 -38
-36 15
-19 -39
-87 -42
19 62
62 49
82 -64
-43 39
16 -3
-43 -76
-31 -90
98 -30
54 -31
-37 -7
-2 -84
95 -75
90 7
31 31
-88 43
43 43
-91 -1
53 18
93 63
-18 -45
-16 31
-87 62
-38 27
-98 13
12 80
-98 -90
96 -22
87 -70
56 -25
-34 -40
57 -22
71 -82
-49 -52
14 28
48 -24
-50 85
-72 22
66 -84
-87 98
17 10
37 -3
-47 58
44 -5
2 -56
-8 -22
-90 81
-13 25
-10 98
-2 83
-64 44
16 3
96 83
66 -66
-15 36
72 43
75 57
38 -56
22 -92
64 -95
41 58
32 -15
22 -51
-74 73
-11 38
3 -17
-12 87
60 -72
23 74
62 25
-17 57
-36 18
43 -25
5 8
-80 56
28 -25
88 97
43 86
84 43
92 -91
-6 -99
94 -78
81 -35
-87 42
-75 -17
3 20
81 73
-43 -47
99 87
8 -75
79 -50
90 13
-100 -86
-52 30
-97 62
-90 80
-67 94
5 36
-54 92
92 -23
31 39
0 39
53 -38
88 -75
62 -4
-49 -90
-94 83
88 -18
81 59
-7 0
70 35
-88 95
-87 -86
94 -8
-100 70
40 -87
-81 30
-3 -42
68 -4
50 96
-95 13
-29 19
48 -61
-95 6
-40 86
15 -73
-9 5
-54 53
24 -79
64 57
96 -72
-47 -89
-43 37
49 39
-20 57
8 75
-40 82
26 94
77 -81
-19 10
9 -45
6 -11
98 -86
55 -54
65 -4
52 -65
-89 -19
-80 -89
37 45
-68 -17
-84 -37
-66 -25
10 78
-100 29
-12 66
-14 -84
48 -31
-55 75
-82 99
-81 85
36 -3
-27 86
0 56
-35 -33
-18 -39
80 39
21 62
48 -14
-2 -11
76 -78
-80 15
-71 -93
-29 60
-20 -21
-36 -11
20 -92
94 -45
-58 84
52 -35
36 -48
-11 -52
15 78
34 -14
52 22
6 27
91 -97
80 -5
-71 -64
65 -50
34 -47
-45 89
12 -90
28 34
-70 -36
70 46
27 -71
-92 -25
74 -89
-58 -38
-33 68
45 90
-54 25
84 55
-59 -24
-9 97
40 53
-55 -45
-33 -35
66 -8
-31 -78
-81 1
-5 -42
79 -28
77 61
14 48
24 24
67 -16
31 -22
-28 -67
-86 -23
-44 41
-95 -88
96 90
-24 28
64 17
62 7
69 -10
64 50
-50 -43
7 90
21 3
-47 55
41 -21
55 61
-59 -98
-9 -71
-59 -88
-25 99
-76 -3
-39 -88
-65 14
-66 -54
99 -71
-93 -36
-6 -18
47 66
-62 3
-94 55
26 25
4 83
46 -49
-31 -9
26 -93
-9 39
-9 77
16 -30
28 -42
66 -54
89 46
16 75
-14 36
-78 -22
90 -48
-52 -76
-43 84
-45 92
-85 44
82 -62
-82 -26
-58 5
78 -84
99 50
-51 -29
-77 49
70 -29
-70 1
85 -73
-51 -15
91 84
-83 31
-23 -46
17 -54
62 37
65 31
-23 27
36 -33
-44 12
-14 -2
-67 33
-34 -58
43 -61
-67 94
-91 -25
-53 -74
88 81
-30 7
-83 -19
-27 39
-54 -35
-89 51
30 -8
78 69
-54 -97
22 5
58 80
79 99
42 -71
71 -95
-1 -20
-11 -82
-31 -65
49 -5
-21 83
55 -92
-45 -18
-79 -14
50 -67
4 47
-74 42
-38 61
-91 -86
-86 -16
94 88
50 -34
-82 95
82 -77
-82 4
-13 -48
6 -39
-96 31
-57 -32
8 -96
67 57
-21 -27
32 -86
-68 56
-33 -74
-58 -59
71 -11
-46 0
90 71
-22 -67
-18 51
-5 20
46 -42
98 91
-97 -35
19 79
-93 87
-93 83
-4 53
-66 -77
-54 -10
11 88
-36 33
51 -83
-35 7
72 -26
6 98
75 -76
-80 17
-61 71
-42 -21
38 82
-43 86
-41 -98
88 -61
-92 92
57 -88
-8 80
-70 48
-83 -63
-26 27
-48 -11
-44 9
-99 -18
-92 79
-58 -3
-47 19
40 6
-87 -39
44 59
-62 -95
-42 35
30 -78
5 -77
-25 -75
79 -65
83 74
-11 43
-69 -91
74 -45
3 -24
-68 15
20 -88
-57 50
-8 -29
-97 42
9 86
64 -97
40 -71
-91 -89
55 -54
-18 -32
-48 39
-4 -70
73 -15
22 49
76 99
32 34
-19 0
-9 -83
8 98
-92 9
-76 -39
-31 -52
-60 75
-59 54
93 44
40 73
18 -13
-67 95
-89 18
82 -27
-70 -32
-15 43
-58 89
-56 70
82 -41
-26 -86
-96 25
2 -38
72 54
-76 -96
-27 9
13 -85
45 -80
88 -61
75 -96
-95 -73
-32 47
4 -58
21 -27
-32 64
-70 76
60 40
95 19
-17 90
-93 26
73 -44
63 -3
-21 -25
-48 -91
-22 41
82 -83
-58 62
36 -85
-92 42
27 -9
-2 -58
91 -96
-61 -60
-65 -51
-26 -8
-51 -38
6 -54
-13 -65
62 16
40 16
99 -17
0 26
63 27
-13 99
-29 -81
81 56
32 -60
-31 -40
-93 -37
38 46
-64 38
-47 56
87 58
-54 -85
-68 94
5 38
-54 47
12 -36
-25 47
-76 -32
-6 -60
-96 25
17 -1
-68 6
68 -19
-65 -87
-52 56
-99 -83
-56 59
14 -7
-18 53
26 2
92 35
-75 34
-37 84
-25 -38
45 -71
-25 6
50 -83
78 -68
-42 53
51 48
11 -26
25 -32
13 -22
18 -39
-79 -37
-35 39
-54 92
46 22
76 -43
97 -25
32 9
5 -43
-63 -72
-4 -57
82 -36
-22 -61
77 -73
40 -75
42 -52
-19 -20
-85 45
-37 52
-89 97
73 56
-4 91
51 70
82 87
57 -5
56 92
8 36
79 58
16 21
-94 53
-45 37
-12 7
-50 83
-69 99
30 -63
72 39
31 -21
75 -19
41 88
-49 38
39 57
48 11
-70 96
-65 -39
-72 -88
76 87
-89 -72
-37 61
-51 -85
-60 79
72 -93
-97 18
-96 -63
48 -11
73 -33
-20 74
-58 -96
47 -10
83 70
-35 -47
-35 41
-22 -16
31 -11
65 -23
-63 98
-34 29
29 -57
-15 -20
27 -80
56 -36
95 -1
39 41
-75 74
65 41
53 45
67 88
25 82
5 -52
98 82
-9 91
15 -30
51 87
26 -63
75 -26
82 88
70 6
-93 -67
-53 4
83 -42
11 -23
64 94
50 -2
21 -76
-73 -68
19 -30
38 0
19 -16
60 67
-83 68
5 46
7 0
-60 -19
94 -2
1 -94
-70 -33
-88 36
44 -92
-1 -86
14 -43
51 19
41 66
-22 -9
63 -40
52 -25
7 88
8 -62
41 16
-25 -83
-44 -56
90 -80
-44 -53
-57 -27
-28 -39
-47 75
-29 22
38 1
90 63
-77 82
75 12
37 -73
-38 31
-83 -41
49 -20
-77 -32
48 41
29 88
-30 85
55 -15
-82 11
84 92
-19 32
60 56
-63 92
91 51
86 17
95 -92
45 26
-88 77
-13 54
72 -93
92 -63
95 -53
74 -87
2 9
24 55
-50 87
56 24
-51 -7
-96 -92
-69 92
99 -42
-100 8
52 56
-79 47
15 89
4 2
-39 79
68 -10
13 78
-24 54
-71 98
-86 92
-41 0
-4 -84
-23 9
-99 62
-50 95
-46 -93
5 53
-56 92
-100 -72
68 -6
35 -66
-89 90
46 -35
-3 -79
21 35
-77 -45
-3 -92
87 54
-78 -56
16 -86
79 -81
-99 -52
21 -25
53 62
34 -49
19 40
-50 -20
-88 38
-51 35
-56 79
-29 -32
-37 92
7 48
-34 -9
-39 -57
-15 78
22 48
51 -56
-76 67
-13 -25
-91 -25
-20 -32
56 -25
-67 36
69 97
-32 -17
73 89
20 -74
-79 83
-55 55
81 52
-52 88
35 -88
-12 -7
-50 68
-32 -19
21 73
-58 28
71 32
-4 28
-43 1
68 -88
34 -87
-51 -77
-42 27
14 -94
39 -71
-70 12
-40 75
-10 -13
-40 50
-66 28
30 -77
42 -12
-29 -93
65 23
86 11
-88 46
-45 41
-89 99
-21 92
-76 -59
49 -87
-85 62
-13 42
-62 -65
-15 -66
-79 9
75 81
38 -1
-72 0
-38 61
-64 36
74 93
3 6
-76 -78
80 -16
-95 49
-53 -90
-26 66
67 -19
76 42
-5 -59
-74 79
46 13
5 -52
-64 15
81 5
-20 -8
84 9
98 -60
72 19
32 86
59 90
-76 22
-33 73
-94 30
-36 -30
-95 -88
-6 -87
67 -88
-8 -79
-100 65
99 22
57 -39
-57 -99
44 -28
-54 21
28 21
49 -79
76 32
-50 15
96 12
-75 49
-84 -71
36 -27
44 -70
42 -89
-73 21
49 9
-67 80
22 -9
-71 -2
42 72
49 86
82 59
-68 -44
97 -93
-43 -59
1 -56
40 -33
-21 18
86 68
-20 35
-43 71
-29 -28
-86 -65
52 21
10 -2
26 -69
37 -24
-79 9
72 -90
24 -74
87 -53
51 69
31 97
1 48
-27 59
-72 91
-35 -4
-90 -86
-21 -10
-49 29
22 -72
-37 72
45 -99
-90 -6
82 -84
-75 -93
-56 -11
18 98
-10 -4
-29 -62
-61 -60
5 -19
14 -35
-2 31
18 -52
-34 18
-60 58
88 45
67 49
4 4
-26 -25
-61 44
-13 -90
-32 -64
21 14
-37 -66
-8 -5
63 73
94 -10
-1 -36
-26 87
50 -47
-20 -6
-1 -21
12 -37
20 67
86 -43
-80 92
-41 -66
-97 -4
-2 -17
-90 49
99 -48
94 44
-76 2
44 3
89 58
-82 -45
-50 87
-97 -69
-99 -70
-55 -71
71 -95
64 -88
-84 68
-58 38
-84 42
-69 -69
-75 -3
21 99
36 -43
-86 -83
-73 51
25 6
36 29
92 78
17 -7
12 35
-31 97
-71 -89
-83 -79
84 -62
69 -18
53 -23
66 16
-68 44
-70 30
24 22
87 51
-49 24
70 -68
-80 71
-26 -9
63 -32
61 -19
-70 52
31 -70
-6 91
40 31
-32 -26
4 19
91 -35
-68 58
9 42
-19 -68
36 18
99 83
40 86
-89 -66
85 12
-47 2
49 -26
73 -57
95 -68
49 -41
18 -58
-92 43
23 -24
67 76
-48 19
34 21
-76 -97
4 -15
20 87
-28 -36
-18 -67
-51 76
88 -87
-92 89
91 47
-41 60
55 72
-43 64
-17 96
3 57
7 22
3 -78
1 24
-100 10
-80 43
85 12
55 -60
53 42
-78 -52
92 -27
-3 97
29 -22
-12 -94
-53 -32
-16 57
-40 -94
7 -26
3 -48
-26 49
64 -54
47 -86
-65 -23
88 24
-74 -57
-61 -95
-90 -26
-21 14
-77 72
5 -88
-33 17
4 -66
-59 73
-99 -54
9 -62
-60 -19
-45 53
-32 48
-64 76
-34 27
-41 -8
-71 -27
15 79
55 7
0 17
72 -91
31 79
26 37
31 -35
28 21
70 -31
-86 61
-34 -24
53 -52
54 -73
54 62
36 67
97 -49
82 33
91 -41
68 -32
82 70
-24 10
-78 8
11 61
-62 10
23 -56
18 -37
20 -22
99 36
-44 -34
-96 -98
5 49
44 62
-80 -18
-36 85
52 -57
-4 -60
33 74
12 -29
3 24
93 -83
38 87
-30 -10
-90 58
-42 62
83 49
44 39
-18 -30
71 -36
45 -75
27 -66
-85 2
-49 39
-82 26
48 -11
8 81
-64 16
-31 -54
-69 91
28 -74
-46 -40
72 64
-32 78
-23 -95
-70 55
-35 5
-62 34
-33 87
78 56
-39 -58
67 -30
21 -77
-39 18
-45 -10
-12 -27
93 99
-56 -94
62 44
-65 -75
95 -90
18 23
-86 -26
55 2
64 87
-76 -38
-89 25
-89 8
-32 -20
68 -47
-11 -79
6 -50
6 -56
-53 -86
12 -32
29 0
-2 19
15 4
-78 47
-74 93
-49 57
-16 23
32 -95
-43 -72
55 -40
80 53
18 90
-12 70
-99 -80
52 -71
19 -34
-17 -38
-75 -64
9 -23
-79 -90
11 -3
-74 59
-18 -83
-11 14
75 -73
-9 5
-28 -66
-76 -94
-5 24
73 -14
7 -47
-36 74
-1 -7
-77 55
-8 69
-8 -99
76 -41
-41 49
1 67
-16 -28
-34 -31
46 -50
-96 76
-14 93
95 -90
-23 -54
-74 -93
-96 -1
-86 82
70 17
37 6
-44 -30
-71 5
50 -74
-95 -16
-31 12
58 77
85 -86
-96 4
-83 -38
18 57
45 -68
-76 89
25 34
-87 92
91 47
87 92
76 2
-82 -95
83 -63
63 34
97 -98
-1 -20
-73 -54
-41 61
-89 83
-93 -63
-67 -34
93 58
-65 4
56 -14
33 89
-27 93
-31 58
92 -17
88 9
-30 -6
-80 -63
76 -65
-61 34
-60 62
-66 -36
79 -46
38 -22
-97 -5
-96 -61
-15 -2
65 21
-40 75
-22 -65
71 -26
-38 -56
64 87
55 -22
-40 97
30 14
-91 -68
16 -5
92 83
-87 -61
14 60
27 14
-28 -40
95 -42
64 -96
50 62
-42 56
-9 4
56 -79
50 -84
36 18
-85 63
94 -57
-78 -86
-74 -92
38 -35
-29 18
81 -53
-2 14
56 40
-45 98
10 93
-74 -62
-55 6
-67 84
83 -68
-45 86
47 30
81 21
-3 -23
-10 -98
25 2
-40 -16
2 -29
-49 -34
-13 -43
-68 -47
39 -33
-56 -59
-66 -13
58 23
13 74
-6 86
14 -84
-59 85
-95 -99
44 81
-89 -54
19 -43
-20 -67
-90 -30
-63 6
39 86
3 98
-79 18
10 19
45 20
24 -87
4 71
73 62
29 -1
-76 -27
64 68
78 -25
17 -53
-56 67
-62 57
-42 -8
11 1
32 -60
-72 30
-59 -52
96 72
58 -92
95 -54
55 -49
86 -72
20 -84
94 59
-61 14
4 17
53 32
-59 -26
82 25
-51 77
21 92
-4 -50
58 -92
24 67
0 16
68 67
29 9
76 -51
49 -7
78 56
9 -2
-92 63
-30 23
-6 -99
82 -51
-91 -12
-98 47
70 47
61 -90
62 -76
10 74
-71 -93
47 -87
36 4
38 -40
-12 52
99 -18
-55 -5
15 -31
81 51
14 42
-100 84
34 30
-1 -10
-33 -70
74 -32
-95 15
-35 56
-70 83
31 13
8 -73
-52 -25
-56 -77
0 64
-100 56
-74 -42
-29 20
-100 41
-55 56
-28 38
71 -24
1 61
15 91
65 71
-22 65
27 -30
54 -41
-54 -38
15 -44
66 -19
-80 45
-60 98
47 -61
-98 14
-68 23
-7 10
58 40
77 -85
-62 10
90 -48
96 4
19 -95
-59 -23
-59 89
3 62
32 91
68 -60
-33 56
-53 42
-9 98
88 39
-13 -12
-39 -25
-66 -57
20 -6
80 31
78 66
-91 35
-29 -46
74 65
-21 44
-99 -43
75 -85
-11 40
-46 -55
-34 -58
-49 -27
-19 -4
95 -72
-20 54
85 -10
38 -59
-8 -40
-57 -64
-4 -89
72 -72
-32 -7
14 -44
-62 -51
96 -8
92 79
-81 79
-43 30
-93 63
-84 65
-100 -68
-89 -68
-99 69
77 31
-24 86
1 -58
47 1
-36 -47
-62 42
62 -16
-3 43
10 99
84 -46
-56 -43
47 -52
32 22
82 -8
-46 87
-24 26
14 -59
-18 -71
-20 -55
-43 48
-64 40
56 -68
16 35
-93 -13
26 -69
76 42
58 -40
81 80
-90 -30
-86 14
-22 -12
-28 3
63 -39
18 -16
85 -96
80 93
-10 93
-14 -54
15 -99
-14 -51
-1 -74
13 -11
73 78
57 94
-38 -64
21 91
-20 56
-16 -98
23 -29
29 -22
2 92
-34 -24
-33 -65
-66 -35
-79 -81
-84 84
-8 -29
97 -48
7 -59
16 -90
-73 49
-92 88
91 43
47 83
60 -87
-84 -4
43 21
10 -49
93 -74
48 -36
-99 79
98 -54
98 81
66 -74
27 1
91 4
-45 24
47 -25
-8 51
-91 60
7 34
-65 13
49 -50
-11 -52
-28 2
-78 1
48 78
-57 50
6 -69
73 -9
90 -20
10 49
59 98
73 -80
41 -9
67 -54
-74 -7
16 34
-11 -75
96 -34
-62 -74
-76 -93
57 -32
-32 -29
11 59
-9 85
-8 91
43 45
-44 -55
-40 -63
-75 -41
25 -13
-3 77
82 -89
-2 16
52 -91
-77 86
-3 -53
38 -67
35 -9
8 67
-72 53
3 80
77 -42
-69 19
-2 83
70 36
-12 19
14 -77
18 -7
98 -94
-49 40
97 74
-49 -13
-68 -99
-45 -86
91 20
12 -75
63 97
-18 -37
93 75
41 -46
-1 12
-27 10
-6 42
-64 76
-43 -22
43 -52
-37 -42
74 63
5 63
-69 31
93 17
81 -32
-48 76
30 89
78 -88
28 -29
-28 38
-49 -27
44 -37
99 34
10 -31
12 -27
-26 79
-33 -7
4 15
-69 68
-27 -86
-78 12
25 -89
-92 82
-51 93
84 -99
-26 -33
73 21
94 -75
94 81
-34 19
-63 67
92 -86
-7 75
-43 -62
67 42
-88 -29
18 23
-97 -55
-46 53
-13 18
-9 -16
64 84
-5 -11
-71 -5
-86 97
-36 93
54 -81
99 -85
-33 -44
-2 63
-49 -17
64 -54
-31 70
41 98
-94 -25
-15 16
37 43
-66 -39
63 73
-94 62
-21 92
-73 -82
69 -29
-23 19
76 86
-10 -80
-90 -99
33 66
97 7
33 46
42 -40
34 -68
-26 -58
-98 -49
53 -9
-62 -46
21 81
38 -54
-67 65
76 -91
74 86
-96 32
43 74
17 -88
73 -18
-55 -42
98 -86
29 47
-60 -74
-73 64
19 -69
62 -66
10 22
23 -85
-5 -1
-46 62
45 6
79 37
32 -77
-89 1
65 -43
-75 -41
-22 -99
-67 -42
-54 -23
-74 78
-49 -56
-7 -12
14 8
-20 83
20 -69
-83 58
-1 29
52 -24
24 -6
24 68
-7 57
-36 16
5 -26
-7 70
-65 71
-43 -99
32 -78
74 20
-21 -71
-15 -60
90 99
-27 5
52 39
60 -2
82 40
-70 59
-94 -11
-89 -51
-73 -68
-68 90
48 17
25 -34
64 93
6 44
-72 86
90 75
96 -91
20 32
-44 32
-22 37
-97 -48
46 -94
-3 -27
66 31
-63 31
-22 83
-4 -76
-26 77
57 -83
-97 -37
61 -62
77 -49
66 62
13 -13
-35 85
26 -23
-54 58
48 -60
18 -20
29 -55
37 -7
-45 -59
-39 98
25 -75
-43 57
-16 -5
93 47
5 -69
74 -37
43 50
-6 59
70 88
12 -31
-70 22
-17 -33
89 90
85 81
-30 93
-67 3
-34 5
22 31
95 -59
32 91
-9 56
82 94
5 22
-1 92
87 97
93 61
38 -30
-75 -64
55 -76
98 53
13 43
59 78
8 -97
-66 -32
82 -55
18 -66
51 -58
-52 -93
29 -9
-52 -62
-16 60
-58 13
-96 44
-37 -34
73 84
32 52
28 14
43 -69
75 65
-36 -65
-16 -94
-83 74
37 -50
54 13
-42 -57
43 31
-20 84
39 20
-42 81
-34 65
-16 -97
37 49
18 37
-98 37
11 28
1 79
44 16
99 85
-79 8
-89 81
-21 8
5 69
54 19
96 -10
-22 82
-58 90
-3 9
-49 -6
-60 65
73 59
-59 -46
50 30
63 50
50 7
58 66
96 -85
23 -60
-53 13
-94 83
-63 23
-13 78
-19 -89
62 12
85 -26
96 -27
-84 -72
-36 -63
21 -92
-75 -23
52 3
-65 -37
67 -97
25 93
44 -60
-47 -41
93 -36
1 72
42 89
-100 51
16 93
-25 -50
-13 -24
-31 92
-71 -23
-45 -83
20 31
42 -87
-64 -17
-73 -23
-61 86
45 -14
21 -69
-92 25
17 54
-81 22
-94 -30
0 51
-92 15
-14 86
-42 94
92 -5
-4 -11
-3 -88
-48 -46
58 -28
88 84
-36 86
-23 70
44 15
43 -69
97 40
57 43
41 0
-88 46
-5 -21
41 11
87 58
-48 -50
13 -3
-17 4
97 -76
68 12
-94 23
-43 -46
-17 -92
79 -84
64 54
12 -98
40 13
-26 -84
7 -23
68 -38
-37 93
-55 74
-1 50
-42 -24
-34 38
25 -53
55 52
-96 46
3 -79
-18 70
57 84
25 72
-86 75
29 -54
5 80
10 -9
-60 -11
88 33
32 -69
-84 55
-41 -33
55 5
82 -61
10 -31
53 63
-90 60
26 28
-63 -86
-55 -87
98 92
49 31
64 20
18 8
72 87
-82 80
-40 89
63 48
-26 -96
-90 36
97 92
51 -8
33 -50
51 -39
90 -37
52 7
15 -34
48 -23
44 -44
-36 -45
0 57
24 40
-2 -43
78 -59
-31 60
-81 6
66 50
42 55
-42 -49
-87 0
12 -91
-96 98
20 98
-71 -5
49 73
-15 34
-91 73
-86 -33
-97 20
-15 73
50 76
51 -10
36 -8
-93 36
26 -81
58 35
74 7
68 79
-76 -12
-100 11
-23 40
73 69
84 -51
-36 -57
78 40
96 56
-55 28
-43 0
0 -72
39 -34
-54 96
-46 -34
8 -54
-9 16
-96 -44
3 76
-31 -37
-58 42
-97 -52
64 -4
-31 25
22 69
-75 50
21 -52
-85 32
18 -80
7 -72
62 -92
92 52
62 29
66 71
-42 -84
-71 -75
-62 -26
-76 -47
27 -42
48 98
26 -52
-69 95
-38 30
-17 78
25 34
-47 50
87 -95
-22 63
-8 -98
22 30
63 -34
-91 46
-29 91
19 72
84 -57
-86 24
9 -76
94 -43
31 2
49 6
-76 -44
-59 54
-53 -1
37 32
4 -20
10 95
84 -29
-25 -32
96 -84
-3 46
-60 59
-84 51
-43 86
-7 -80
-52 -63
17 14
-80 96
45 -52
74 71
-19 -47
-51 -62
74 87
-61 37
36 80
-47 15
-45 76
-48 84
-40 -46
13 -48
62 41
82 -6
-88 73
-61 -49
-77 -68
-97 39
-42 -52
-1 -18
2 -42
-20 -22
61 -43
17 -24
-44 -22
10 58
84 78
-86 -99
88 88
72 -52
13 23
98 -70
-76 18
81 70
2 -56
-72 -40
79 -28
-5 -65
49 -16
-93 51
39 -11
-42 -46
-63 49
87 43
-9 13
-98 53
-15 -11
72 46
-70 46
75 17
41 12
66 10
69 -19
-29 -67
-20 55
97 23
-30 52
48 65
94 -60
-58 22
95 -95
28 87
-53 75
-98 -69
48 -5
15 -38
-61 50
-63 13
70 -43
28 66
32 -69
-64 -42
34 -72
-78 35
97 99
67 -12
48 -37
-27 57
-59 18
47 25
-88 68
-68 -22
35 27
-50 92
0 61
45 -39
-19 72
1 -61
-81 -87
7 -26
-2 -17
85 51
-16 35
-48 72
80 3
94 37
-36 54
76 48
-19 -93
70 -69
-65 -31
65 -97
61 -27
55 -39
76 64
-24 32
-13 18
82 -80
33 82
47 23
-75 -85
80 33
29 18
-18 -16
63 -67
34 84
-79 -87
14 63
-46 -79
33 59
39 88
-14 -78
-52 -25
-74 47
-91 63
92 26
3 -16
67 -27
-38 48
82 -34
-9 -29
69 17
52 29
37 -78
46 34
77 -56
-78 -42
80 20
-96 15
-19 -12
51 -22
53 18
55 99
-88 -31
3 -30
-49 -14
-83 61
30 -57
-71 51
9 96
42 75
-34 -47
-78 -55
-75 17
-52 97
-23 22
-2 -63
56 -87
-35 96
10 -64
9 48
-16 -99
92 -53
43 59
21 23
14 -48
-7 -26
61 -98
68 -24
3 13
48 31
-4 -12
89 50
9 -39
-81 -58
19 12
-16 56
-91 -92
-5 97
-51 65
68 88
99 1
-78 15
-17 -100
19 -84
-47 -17
19 -11
-44 -71
-91 6
-35 92
-97 83
66 52
-36 18
-83 -39
16 19
27 -43
13 32
46 -95
64 -48
24 -27
28 24
77 44
-11 51
-10 -14
-9 8
21 -89
-95 41
49 -47
-20 -29
-14 -98
90 77
23 -36
-51 90
-85 -55
-26 33
81 51
64 -61
87 65
-22 -12
97 -3
66 -7
60 74
83 -81
-18 70
-36 -19
-3 87
0 -27
-82 -93
82 -25
2 -3
-42 -62
42 -86
86 -51
-85 46
-6 72
-20 -49
-35 -32
-64 25
-31 28
62 65
90 95
21 -63
60 17
52 14
5 39
79 7
37 -83
61 -38
-11 -85
-44 -69
-15 11
13 35
-22 43
-51 73
14 -99
-66 54
-89 25
-47 4
-96 -72
47 82
2 24
-44 -90
-39 -84
-2 -83
4 97
-97 59
-24 46
-16 81
74 79
29 -35
6 77
16 60
97 68
94 26
13 49
-21 93
-47 -39
9 -91
55 56
-85 41
80 -54
50 97
-39 83
84 34
-92 57
5 54
-79 82
34 30
88 -67
83 47
-100 0
-65 -33
-55 48
55 -75
5 53
-53 40
-39 91
14 80
58 77
36 -8
-58 90
-68 -53
-18 -42
30 86
50 25
50 -40
-29 -54
21 70
-10 -89
85 23
62 96
89 -64
34 -39
22 19
-38 -7
-86 95
29 79
77 99
46 11
2 76
-43 18
-91 30
22 -91
-47 78
-21 52
45 99
-86 27
-70 -23
41 90
-93 64
-26 -10
-10 -54
50 61
-69 78
-12 -15
-20 29
-71 -73
38 -94
-82 21
44 -35
-30 -4
-70 53
80 57
-14 67
39 -33
-74 -1
52 -36
-48 50
53 -35
-9 49
21 32
53 -42
-85 17
-4 -84
41 -55
13 36
-60 80
39 12
37 -3
34 7
-48 57
71 -57
-16 -97
-92 95
54 -14
9 -62
-54 -83
54 29
67 74
78 -69
-40 -74
1 -23
55 -40
-77 -57
59 22
-56 -52
28 9
41 0
-20 -53
45 69
82 45
-23 28
17 -14
28 98
-61 -62
8 6
-74 -80
-90 20
94 81
75 19
39 -20
-23 95
24 -13
-47 22
-61 -76
16 -36
92 -11
95 71
98 82
17 -8
-67 3
25 -27
68 -26
-3 -17
-84 18
9 -32
-62 50
-43 -36
94 -38
53 -61
-45 -65
-90 -89
57 -68
-86 8
-80 -66
-90 82
-42 75
95 -85
-98 20
-100 -9
-69 69
55 82
75 -39
66 62
-72 13
-10 37
8 45
-81 -32
27 -26
80 -88
75 -41
-51 98
-47 33
-43 91
72 59
-85 27
-40 -1
32 62
30 -95
-84 75
-24 68
61 61
-24 -67
61 -69
-92 59
45 -65
39 67
-9 20
34 23
71 -31
21 51
26 -43
-34 40
95 -45
-100 41
-92 -26
-100 95
97 -42
4 -32
90 -29
-76 41
42 -50
32 -38
92 -72
57 -59
-96 66
1 86
-58 23
6 -36
34 99
75 -32
-64 -86
17 -27
-10 73
51 25
-36 -26
-85 -34
-61 -43
-10 12
-39 -98
49 66
-49 26
-15 4
46 66
-88 -35
-54 -71
84 71
-57 93
-60 47
18 -27
49 18
54 -53
17 9
-98 83
-62 -75
16 -33
92 -59
-42 -32
-16 90
-58 -93
-66 -96
42 -10
-65 15
61 -70
22 36
52 -33
-19 15
3 23
-13 -56
98 59
0 -11
-79 52
32 -24
-55 -75
-30 -91
96 -4
-97 -71
-72 -47
3 -50
-6 -11
64 -75
-67 61
-5 95
-25 7
-35 94
-50 22
-91 39
85 -76
-87 11
-74 -34
-16 -91
-23 66
45 17
-40 13
22 30
73 -49
43 -12
92 13
33 10
-34 81
-33 12
73 57
-44 -7
49 -10
-33 -37
67 -4
-9 28
-74 -27
79 5
-85 26
-64 -21
84 14
-42 96
-88 72
38 1
55 -50
88 29
-61 6
-18 -85
-76 95
-64 -28
40 -42
-46 75
65 0
-56 -9
95 15
33 -96
60 64
68 59
-12 -1
-21 -85
49 -42
-56 -90
-71 -64
-69 -62
-12 -25
49 34
67 97
-77 -63
3 45
38 -72
-43 54
-82 84
26 98
-53 -62
-60 36
-51 73
-44 -50
83 -18
75 -89
-11 74
17 -90
73 -58
-77 -62
-44 -70
90 -52
-69 -53
66 77
-99 -17
-54 69
-53 -88
-62 86
-75 88
52 -66
-100 -9
76 19
-39 50
-67 28
56 95
92 -47
91 44
17 8
-7 -88
-53 60
-96 -7
59 -33
12 85
-91 74
-80 87
-86 53
30 -22
-69 46
-62 20
13 -42
36 70
-91 8
-2 60
19 37
38 20
24 10
-81 45
-72 -44
34 64
-63 -5
38 -81
56 34
67 78
65 -43
-15 97
45 53
62 60
-8 12
-67 87
-34 92
14 28
67 65
-37 -67
-38 -83
-79 51
30 -52
72 -40
-84 27
-69 51
1 50
-59 -71
-40 31
-6 98
-69 76
-69 -26
69 53
-40 -37
-70 -33
34 99
-18 26
-13 -67
86 60
9 -65
-82 -68
8 82
43 16
95 95
90 -2
33 -47
-63 23
-17 -57
96 91
-77 40
6 52
-90 -53
-23 33
-78 72
-98 17
19 -31
-67 -47
-20 86
-93 -61
70 -77
-48 32
67 -11
48 17
-12 -6
15 31
26 -61
-6 -72
-42 71
-3 -17
47 85
-26 -46
-57 35
84 -19
38 -44
34 71
66 -13
-92 -98
48 -73
79 -47
-7 26
-43 17
87 -41
-7 22
53 -54
3 82
-75 32
25 -35
44 85
24 -53
-56 -86
-88 70
58 22
56 7
-11 -92
68 -58
52 -47
-47 57
16 44
-38 1
-40 -21
-57 -61
-22 -4
46 -51
-51 58
-96 2
-58 -1
80 66
-49 -77
75 -49
64 -73
-92 5
-25 -68
71 52
-70 -16
-89 47
69 -11
85 -63
90 87
-42 -87
50 70
24 -16
37 -25
-70 -96
23 6
71 -20
-88 -58
48 82
32 9
-63 -1
-30 90
-62 94
65 -66
-30 61
-89 99
63 -91
-78 26
89 43
-88 10
59 59
-41 -46
-62 7
99 -67
-17 35
48 24
70 -47
7 10
-64 73
-70 -44
21 -4
-49 -1
-53 67
-21 -34
33 -2
18 82
54 -75
44 -96
-29 16
94 -68
57 85
49 84
94 -27
-13 -5
74 -59
13 -9
-14 87
53 -66
-83 -74
-27 61
-28 45
-15 -53
-48 96
49 78
4 10
96 -54
75 -48
17 76
99 85
-43 -11
-9 65
-77 63
-53 46
-91 19
84 67
63 -79
91 -25
-80 -12
-82 25
-15 -94
94 -69
-21 19
-75 72
-38 -58
-98 82
32 32
30 -46
80 76
-9 -59
1 72
20 37
-83 -46
-67 65
-62 13
75 89
2 1
-62 12
9 62
19 20
-11 80
85 -78
61 40
22 32
56 -17
-44 -30
78 -11
43 45
30 38
15 49
-8 -35
-28 -54
-22 78
-42 -17
43 -5
-5 -19
79 25
17 3
95 98
42 -48
-69 91
-75 30
-70 -34
10 76
-6 4
-14 41
13 -54
84 -35
64 77
50 -61
-77 -55
-78 -61
13 50
-26 28
43 0
-44 -3
