-299 -473
-153 -312
348 195
-511 207
816 491
-668 -599
-867 853
-396 -871
-207 -373
64 429
566 -167
-787 972
659 968
-860 5
903 533
-719 -18
915 -588
-802 -686
953 -84
-855 33
580 683
-827 971
-933 847
-661 899
-743 616
-702 468
-789 852
-96 -617
-405 -632
532 -490
-970 440
953 -108
168 -602
-435 945
55 -456
807 478
-105 625
671 145
979 -887
814 -238
-490 783
366 -932
411 182
-6 20
-284 -471
591 730
-866 310
290 -595
-205 -243
-383 834
829 -885
-804 -505
-27 -171
-743 -518
-308 -324
156 488
-274 -149
187 -733
888 -736
537 238
566 836
216 610
-170 -722
-924 -867
641 -77
572 293
84 -343
-193 377
236 672
633 988
-814 984
15 621
501 145
500 581
911 552
748 -467
-408 -842
-324 -586
-926 -860
-996 -970
-711 736
-47 210
-706 -24
881 551
-937 -542
720 932
-341 -874
-253 44
283 -963
839 287
-196 899
581 -935
180 144
52 573
728 433
-782 680
-234 901
-289 -276
-321 835
353 192
-319 -883
-784 -541
-661 823
12 -469
831 -50
-775 633
370 497
688 291
739 -366
105 124
787 -575
-587 -313
59 -636
-467 579
224 -188
576 64
-997 -431
528 -317
-880 621
-20 630
-297 -430
102 828
45 692
-590 -95
758 479
943 98
-178 -73
140 -519
-375 -89
-835 839
-981 901
615 -244
-365 -689
-307 -977
27 -627
-680 -442
429 242
987 340
79 103
969 654
-725 -455
629 -970
-355 -368
-498 -968
-234 244
779 188
16 -65
-970 -111
-961 953
-401 -376
347 709
-381 -728
-927 -724
86 -52
240 -884
-196 -167
303 -179
-480 931
488 -301
620 -807
-88 989
-679 -728
-554 965
-339 571
-771 453
321 -395
-460 -167
403 107
806 796
936 -862
-12 639
754 199
-517 603
-789 -397
336 -769
-105 -462
-78 710
-756 19
-819 459
668 559
-307 -954
-769 -150
-560 90
-754 4
-27 -993
-557 861
866 -335
763 937
982 519
216 427
415 -937
-498 -706
-780 -310
804 931
-287 -587
-472 217
-506 780
-325 -22
397 -757
-533 888
-78 185
-552 614
-353 833
-29 -283
-6 203
-372 -902
-885 -238
-406 789
96 -529
-485 -548
-528 -111
735 -919
764 -888
699 117
-977 -155
81 -795
-946 428
100 195
518 -71
-611 -961
224 319
-79 419
59 334
716 -128
363 775
799 834
-857 295
-234 276
-181 109
-42 -724
-429 -791
-635 646
78 -253
694 -62
557 120
802 192
-892 897
-867 643
-838 -279
-631 -160
-563 523
-271 -408
100 -521
942 -467
579 -76
18 -554
921 706
534 614
411 -685
-651 -116
-502 308
-142 -470
-509 509
-11 -653
130 -576
-31 477
499 972
-717 204
586 -55
-944 14
997 922
-101 619
252 763
930 -518
-661 304
-955 -462
-522 357
865 -929
-790 164
-73 551
-211 -434
-788 939
189 -961
211 529
-467 -500
511 2
868 -655
-973 -679
-735 -275
-668 751
406 -808
-642 -259
574 516
346 -465
-784 -430
481 658
560 787
673 103
-356 641
-397 425
-959 988
814 -575
69 -743
-661 829
-135 573
-353 -939
-138 268
-982 -289
584 -983
157 -834
-289 786
591 71
-349 -12
637 -264
601 359
-40 -215
-288 408
683 -411
-874 634
-165 301
-200 -878
220 189
-764 -949
716 46
-213 -752
-61 -934
-605 -233
-485 -683
19 784
74 -707
723 112
-955 954
-608 243
718 889
-115 -606
330 666
26 -572
934 8
-348 872
367 -85
-795 -410
419 422
-82 -433
50 -231
-100 538
-735 -185
800 465
617 -866
-510 83
-747 -735
-832 -363
-826 -114
67 -314
-611 -159
155 -642
767 -433
788 -510
622 527
486 398
199 182
640 40
552 -65
-486 -181
64 -338
-441 -696
-170 648
-288 160
4 -320
235 -208
-834 29
-881 -889
396 -703
-147 -399
797 -394
-687 455
-14 -53
29 -308
841 815
232 191
863 -126
-546 737
-831 834
-557 -269
-64 -949
452 -243
-773 -969
184 -118
-410 -161
757 -709
809 50
-4 -976
285 402
-243 607
571 -717
-744 76
-706 -179
214 -713
288 -505
-110 -415
815 -563
492 814
-818 -871
-590 -318
-478 -556
-709 594
-266 -411
405 -500
-857 595
722 -206
177 301
453 -500
-635 62
-627 631
323 -35
167 741
191 902
-762 344
-712 -787
-559 -435
474 999
443 -643
-50 -314
-623 5
-85 -464
-714 451
993 -730
389 408
625 -607
363 281
-781 -855
551 -737
836 329
320 -633
-720 500
259 -178
468 -736
167 219
223 707
674 -542
-619 88
-754 540
-167 -57
-187 -255
172 -154
-566 -921
371 -588
-813 332
201 550
-992 -78
123 -559
-264 -237
-985 372
-6 254
-906 845
954 -280
427 213
705 980
822 858
375 -429
851 434
922 -56
625 780
-579 571
-264 -934
11 391
832 787
-154 -94
-957 -827
-791 -277
-592 -140
-139 11
-559 908
-745 804
-675 807
-284 -679
411 938
-584 601
778 -137
626 -82
111 -129
734 462
202 778
616 -214
-321 268
464 -277
502 -817
351 -753
-483 610
-84 338
127 436
-240 -466
-719 865
904 560
347 818
-48 801
-137 -732
269 519
-676 -511
851 325
976 409
417 170
-364 -377
-6 758
-479 -511
583 226
112 -788
253 665
-766 392
-949 79
914 -185
-967 575
448 247
-478 -916
802 -858
517 -624
-314 -861
-538 860
-175 -732
-593 667
563 171
695 479
205 -40
327 901
-759 -325
-744 -146
-319 -995
382 -608
-733 -370
-444 -995
132 365
880 160
164 616
236 635
181 89
612 -155
162 -588
-478 631
-521 -821
-90 763
-622 867
-110 915
841 716
-649 -170
634 -378
566 -872
959 -401
-391 -473
-410 909
-29 -210
-720 395
208 -741
551 192
-167 892
-884 -549
-10 898
-404 -603
607 -681
668 325
-707 129
-118 -3
-453 686
425 -565
106 278
912 -427
689 29
-788 -232
2 -614
796 762
-612 959
-766 -555
-143 -314
295 -778
-424 536
-966 -473
-323 247
-795 103
203 338
-537 -441
-15 -497
159 857
-164 452
-744 -488
-262 -885
26 -653
158 547
-649 -550
589 -35
808 489
381 -209
802 197
-952 645
-187 945
-335 -225
-19 -508
231 901
-328 -538
-68 893
-277 524
-263 -228
-992 131
301 -480
-343 781
576 911
969 460
831 559
-428 951
125 791
-713 783
-193 -431
435 796
57 -494
-684 -471
-162 -301
-124 117
509 -888
895 794
404 193
-547 156
-112 817
506 774
-592 -70
-1 43
708 103
-547 -834
-440 -305
236 86
-860 888
-776 -787
24 785
873 -969
544 793
926 -836
372 839
245 465
275 117
152 596
90 -913
-473 -586
890 216
460 -396
-154 -94
-242 869
268 -163
262 -807
252 602
-977 878
224 -402
-793 -77
-446 402
-955 -107
822 803
763 -924
808 817
977 -702
-748 875
-40 765
-71 -355
322 949
-271 -302
-815 982
-691 191
-344 92
511 987
196 913
722 515
-929 390
-243 489
775 356
953 -768
-756 -266
890 -131
417 -82
-269 259
-872 831
-394 284
-281 175
-31 -728
-879 -414
-154 -418
75 311
-884 673
-850 904
905 -418
895 201
-186 -320
592 -396
996 -347
-36 758
-581 -731
-77 198
-570 33
-174 144
-956 -554
997 568
-508 -974
764 827
-337 -83
-493 -614
914 941
705 578
-779 648
-915 16
-142 -836
-735 -159
-930 805
-660 -47
805 -896
-846 63
60 520
-156 -550
524 425
-484 -509
-312 430
-634 -332
46 833
490 -280
918 778
820 512
370 -729
449 -247
223 -515
404 454
473 936
558 -875
197 -118
303 633
-763 49
104 958
914 -246
35 677
162 -908
91 720
452 -265
-526 -566
-215 360
409 -211
758 77
156 -689
-106 -185
45 -941
915 -512
751 991
-377 891
-741 -33
-34 -576
359 -396
-51 487
788 628
534 -940
661 977
754 190
-9 706
-558 497
-322 -630
-685 -488
119 609
894 877
51 -143
895 -134
18 965
-606 31
30 337
-40 722
-386 983
442 -641
-58 -382
-599 754
-252 301
-554 917
943 374
500 -924
186 -511
666 982
147 -370
-183 426
-463 -288
348 -482
201 829
-61 -112
-275 -795
699 -714
199 -299
66 -994
-539 -87
-393 -687
-492 320
-795 451
886 217
-949 572
678 -365
673 -284
-651 52
-295 -603
398 -688
556 743
-824 -343
-861 -752
-541 -411
-620 -631
-294 29
-733 700
232 707
386 -570
581 899
-151 779
-730 -98
-495 -973
-334 698
-737 -808
-897 114
950 -325
-796 -602
232 642
-879 -476
-723 -514
640 440
-810 717
-482 -557
-772 956
92 332
169 483
-283 873
978 796
-909 460
-558 548
-886 -462
-651 -684
895 -853
61 141
-749 -489
-866 -409
-400 -236
-471 128
-73 644
-888 -473
-398 -645
-435 -437
-640 676
-159 911
350 621
-430 23
213 81
782 -578
814 -860
950 286
711 -910
-778 -135
-486 -31
-335 989
250 651
144 -879
431 314
-134 -596
-828 -214
-320 -874
417 802
944 -691
-937 -576
953 -131
612 -970
473 -824
-447 -172
-469 900
767 845
713 -286
197 -251
419 195
398 -450
-435 -968
-965 58
73 -273
-410 -497
218 -879
-97 355
-27 -234
-35 89
71 525
-561 386
99 501
-238 520
805 -103
-164 501
727 -810
755 53
687 -719
59 150
-45 -978
713 105
-727 -576
-664 284
841 605
-351 -523
-897 259
706 471
542 -385
387 358
-877 -877
431 -455
-970 -832
-853 523
672 261
-462 -560
-299 579
241 -972
-604 -145
472 168
-687 -750
626 -883
-710 -706
-481 -787
673 764
-533 586
-366 -479
-739 -169
-149 -356
886 850
247 -808
-96 894
332 -851
-244 -196
343 695
453 507
-730 696
-860 149
-719 171
-596 759
659 666
548 -812
14 485
728 93
-361 943
132 228
-890 -994
878 242
-957 563
910 -140
346 -489
904 -884
148 -663
947 34
231 657
105 351
401 -510
293 -863
170 965
702 695
-651 749
890 657
224 240
496 -576
-882 -570
756 -811
853 -682
-655 995
-147 -622
-174 -859
446 -322
-521 200
-105 -410
511 -907
138 -289
-651 -763
-873 -977
240 435
76 942
-27 263
-678 386
-539 443
840 64
875 -344
178 627
411 12
-689 -602
-107 -89
520 -605
400 862
-675 948
79 -911
936 -463
-199 -782
843 475
-964 -125
-647 716
-881 976
-170 -870
396 -811
567 971
-513 -120
-517 973
222 -680
-149 -10
737 204
144 -394
767 -792
393 269
151 -88
973 459
453 -718
-333 358
448 -707
-166 -260
-602 102
-267 880
812 -813
385 -172
-55 -267
661 7
-211 -537
408 -355
-297 415
-478 676
180 -450
46 540
-693 227
-471 -41
-276 -581
619 -698
978 369
-258 -639
358 -640
-884 -37
-37 940
-570 -589
396 722
198 847
-49 -714
-790 735
-405 -31
461 -331
909 -766
730 98
-834 554
632 -707
765 651
19 -238
-773 442
-208 524
-994 896
-279 -684
-502 441
-527 -146
410 -225
274 675
-748 420
264 205
-899 -424
348 278
146 -835
725 -975
-822 -236
-30 56
-670 -437
569 -178
194 181
-4 193
-74 534
903 808
-660 -275
109 -613
-560 -570
28 746
-659 54
-884 -664
-166 534
694 480
83 -520
-655 -690
277 -849
713 704
-271 722
311 207
-622 -730
889 446
103 -472
101 -627
678 884
157 33
-301 668
871 -680
972 -52
186 891
-977 -243
-733 -712
-699 -440
590 -146
799 -88
-218 128
-718 390
-56 -644
410 192
-217 -170
-906 921
-45 -965
-93 993
400 346
-127 -258
-771 -990
774 -726
61 -908
701 822
-764 -20
-655 726
-922 34
916 -34
893 -601
502 -549
-19 -373
-615 -278
227 -233
49 201
995 396
-40 67
-371 -950
-670 -5
-773 -959
872 888
-211 122
-119 -944
-770 -954
531 -639
-733 967
422 -795
-235 -835
-499 -853
272 -62
358 -529
-227 -876
45 470
564 -9
717 -733
310 545
734 -677
-5 -988
865 -913
-479 364
660 -603
-85 129
-79 -943
-104 -462
955 -737
-550 -22
127 174
683 594
-949 -196
456 -639
481 155
-285 -136
-984 -165
551 955
678 -707
-484 -544
846 -993
-923 9
-94 -321
95 691
797 123
502 161
21 560
-987 772
81 23
797 128
-261 43
238 797
-306 236
868 -820
-621 -534
739 84
-666 -285
464 744
543 927
-285 -330
-579 -587
667 -40
298 -947
-84 547
-543 607
-99 -209
-184 509
-926 573
169 576
-903 -389
759 -350
-939 813
743 -307
854 -806
651 908
411 309
280 868
-624 903
-510 979
-967 400
108 829
-623 962
-122 -216
-426 485
-501 -319
-859 -282
610 505
-749 80
793 940
274 -839
675 516
798 233
-188 -633
-513 242
-93 748
277 759
-857 -798
373 186
749 -123
-616 -828
897 664
-133 -465
-507 -30
-576 -538
-535 293
517 574
174 -16
971 -968
839 -460
-236 477
-386 756
-449 204
-993 -920
-230 888
-242 -213
-770 640
-319 306
-444 575
-864 883
407 -994
-42 582
-268 -248
320 164
504 476
-14 -36
-83 -136
914 -944
-22 -745
683 -906
-407 963
503 -488
162 343
-866 -95
-505 876
788 781
-112 -834
-88 75
-952 465
-593 679
618 414
751 -671
508 415
-214 411
995 90
-497 -480
-81 -768
651 786
-186 -62
-582 7
638 5
-513 -616
511 -911
-521 41
-966 19
215 850
545 -146
433 881
-586 -551
134 670
-80 106
-46 -124
60 923
-765 479
-195 884
-494 1
-713 240
516 719
500 -706
-416 -396
-469 -815
-85 758
695 876
254 695
-949 -610
-1 -96
779 801
-780 -444
-47 -798
622 643
888 -28
35 -500
-656 256
-629 -7
54 -168
481 209
-659 127
-904 323
668 -206
659 16
756 693
-165 538
593 195
-301 -432
521 312
-999 122
104 63
-94 885
695 -52
122 -350
-373 632
980 -28
-615 559
-362 529
-642 -205
-961 -820
229 236
-606 845
832 -406
-959 -295
-948 -146
135 314
673 -730
-820 908
-625 765
262 888
-731 -851
-160 -214
868 984
-430 -683
120 715
-55 -926
-411 -563
769 -148
606 689
429 241
-67 -127
-475 -716
-945 -35
995 638
-90 -433
222 630
999 -286
578 -669
775 576
-420 864
329 335
-247 548
816 35
-686 -407
651 -696
120 -301
299 -852
478 -728
415 963
990 413
-2 -148
995 432
-502 -2
-269 948
-558 390
-798 -685
702 333
198 461
924 646
60 -669
-675 502
-856 -463
850 189
-854 -721
33 18
766 -518
685 834
-506 417
874 444
-409 -114
-226 380
97 -230
944 -702
-610 396
-168 936
-128 311
244 996
-350 117
800 968
-37 -587
-870 964
633 262
910 -928
613 498
851 966
151 -497
-770 585
768 -197
-794 594
857 850
911 955
856 -732
59 -426
-723 58
-587 -148
260 755
190 -37
-806 -812
-81 -927
207 969
-483 -757
403 612
887 -591
59 -631
-996 343
-852 -53
-678 -74
721 572
-423 547
525 362
674 -366
783 349
-648 -461
-674 907
-958 234
921 -150
948 -576
-2 632
392 -469
-444 389
477 499
628 737
767 -821
120 -892
659 269
-182 -327
823 -131
165 300
460 732
-615 119
394 133
296 -280
-578 602
49 11
63 -798
887 -926
275 -315
164 872
31 -757
-584 -176
-361 218
76 91
-162 218
131 -189
917 -28
552 345
-837 -645
365 -313
-994 -972
183 -255
878 460
-434 -223
6 270
-821 -746
288 -975
-697 208
-762 -541
752 -494
896 363
739 -330
298 630
-838 -576
-978 -320
375 933
-750 521
-710 655
309 523
-513 -809
124 1
-347 358
604 414
-789 890
408 -851
-118 445
-876 -42
-646 -608
-785 -395
-369 -826
635 303
-920 -817
-372 23
-515 -193
-990 -874
856 -84
529 -245
-289 961
-502 898
-520 711
36 -649
-249 777
-418 -773
899 72
-578 -682
-970 631
94 -766
618 539
37 948
526 631
401 -149
-497 51
766 -342
-481 -765
470 -217
-503 -359
378 -412
-48 535
-449 -951
674 -325
480 -406
210 -829
629 -353
469 257
-31 402
-402 -536
-188 -17
-814 -390
310 101
-568 -768
-768 424
-624 -372
-18 971
103 -894
-136 717
-751 -349
438 -312
-361 -719
395 619
655 164
140 582
-303 961
-715 771
-771 -242
810 228
996 760
-95 -700
498 808
-646 -692
983 524
494 329
-919 -372
898 -37
-468 -753
648 -800
-986 809
-541 732
-353 843
-919 421
-604 276
-402 707
-832 -762
-865 596
-617 526
-792 298
-161 612
390 426
6 -608
-459 941
809 524
847 457
-320 -227
-810 -790
128 462
-423 357
-609 143
-897 -891
-106 216
645 -909
158 -196
960 -867
-876 674
-494 -338
-837 -280
526 -859
57 -758
200 -446
967 85
-565 166
-186 -368
-314 810
-937 -613
392 -250
266 -364
81 292
698 212
827 -813
-188 -476
550 859
-918 265
179 272
-963 -315
-667 -282
-310 -702
125 515
-514 497
202 826
202 -836
865 400
-351 -502
-909 -895
628 722
739 -575
-274 -971
-355 -385
-89 179
375 -198
-418 -70
-267 621
-913 856
256 -610
465 -3
-912 -572
-700 963
736 -467
381 -401
470 -211
535 54
-140 -803
-160 -181
-176 464
-668 -404
768 320
221 -383
312 -784
254 167
221 -8
94 989
975 -908
-677 -94
-488 768
-441 628
516 -628
437 278
75 786
600 -737
-682 210
-149 -484
381 371
758 -762
-234 -86
-563 330
387 -188
-959 781
-871 174
316 -703
-342 166
-847 -592
-398 603
-124 -499
-528 853
445 -935
-444 88
-715 815
-120 -84
-721 914
-688 -224
-337 470
207 -133
849 -139
-490 -865
132 -391
-771 17
200 332
413 314
436 -399
540 -542
-201 -892
-33 -993
203 -778
-934 470
-451 -120
285 -535
82 -623
-428 -19
583 -718
258 -810
817 -974
766 -130
-158 -615
-728 -461
-768 -829
-734 274
795 362
-698 -855
-233 744
-516 51
-270 -302
-249 -661
-273 -629
150 -623
-495 193
816 -938
-888 -638
243 668
612 234
830 383
22 690
-481 926
-727 -991
961 121
-708 460
192 -587
-680 -120
601 303
-380 154
-875 -382
969 -939
328 707
-628 591
668 831
936 -211
-360 -352
-88 -993
-970 997
451 268
-215 242
-358 -121
-925 -932
-554 -449
887 167
-819 770
-995 -795
942 547
726 -940
-262 407
-999 613
476 -719
-2 -74
602 130
-849 27
-545 685
26 -270
-739 -526
-709 -725
664 -906
-874 813
-880 -987
-943 556
354 248
-199 58
31 -627
459 609
-667 111
614 538
736 952
493 -461
249 163
-741 895
-639 666
-463 55
186 -167
-2 644
-624 -584
841 725
486 121
-516 657
-248 -990
952 -882
-159 265
-422 410
111 -967
541 922
919 -749
-844 744
-590 -4
829 42
-586 -958
-517 -253
832 -359
446 -268
194 -682
830 -942
-879 -101
811 -525
765 -539
504 981
-233 272
237 448
-627 -837
-200 380
-453 341
440 981
-548 -232
772 412
-880 -996
623 -553
-766 559
-163 55
221 919
-655 -113
791 -503
565 70
-3 -343
197 378
20 -996
644 744
-343 859
987 -307
601 -930
-883 951
785 733
982 19
-607 552
-881 996
-240 907
483 28
-244 -683
60 -583
427 -376
758 -766
-612 -896
993 484
540 151
-385 -278
-217 -689
109 -56
-337 -961
395 871
774 -987
145 897
-50 744
488 -301
848 -874
46 881
34 -959
157 159
86 -308
-495 -48
-870 -602
93 -368
512 -597
-315 -247
919 416
108 -161
-521 -138
-191 -207
831 866
53 -77
979 -1
-234 -158
689 -436
-231 -642
-190 -532
-972 830
804 -185
-52 -130
888 -686
-128 34
-386 -313
462 -822
404 -774
323 914
385 473
-856 774
-547 -524
-35 -728
-292 -827
931 828
955 516
-26 509
502 240
-684 -223
416 343
249 546
403 349
-905 -376
-81 572
-462 438
-15 -392
89 -142
700 -525
804 560
211 357
523 789
389 122
963 64
590 716
-830 -189
-446 247
-572 660
787 -475
840 826
934 -753
257 -401
133 533
-785 -716
58 -860
31 4
789 -83
638 19
-266 734
410 -510
-44 4
-504 817
237 221
753 -281
549 115
101 445
353 544
-282 -815
-671 -961
-658 -875
40 846
-919 679
650 694
362 929
843 -410
-199 -93
-843 -473
77 -894
-930 -15
306 207
155 627
330 667
980 786
962 191
-735 895
-156 -210
-64 -975
362 -855
508 991
233 645
138 513
-930 -948
708 -328
709 -930
893 914
-25 842
-241 140
-981 -210
-913 -169
834 -541
823 -404
-369 -608
-577 -768
970 834
90 603
455 706
448 -269
-985 -522
-741 -728
-45 -257
332 -903
983 857
-276 -558
654 166
-191 -865
-52 163
-575 330
-250 638
-819 894
-830 -514
-881 513
-893 261
-269 981
-191 367
-630 657
-344 302
-432 -772
-800 -441
-669 441
-681 944
964 854
288 624
-331 -620
995 -541
-327 948
-472 -978
568 -461
717 -897
-229 -294
408 466
-932 830
-88 31
963 -808
-374 75
434 -261
-394 448
-896 391
-797 67
-836 -503
271 -549
53 -660
-449 797
841 951
-215 638
-180 -655
-389 -257
401 667
859 -89
876 -389
805 -978
882 240
371 -357
-965 -425
156 -676
955 795
-706 509
251 -251
-315 -427
640 961
103 -606
670 84
-926 -886
-132 -678
428 667
60 12
-195 -716
18 -408
-49 -544
-466 -577
957 106
-75 6
-162 844
438 -210
-184 655
-676 191
208 470
-593 -60
-671 48
161 354
709 -493
202 960
419 -893
98 824
-372 -128
808 -558
799 51
-323 -270
-728 150
-521 -963
-200 501
780 902
-539 840
-660 -238
568 156
-219 391
-677 738
-747 -313
-967 271
-835 -816
802 183
-285 -343
182 339
704 -354
-284 359
901 862
-334 -875
-688 310
459 -9
594 400
266 -880
285 -236
-339 290
961 150
-971 -327
57 -795
-420 -554
-194 -530
811 -767
970 319
991 668
240 -227
489 -737
531 -290
558 311
979 955
313 131
-40 845
31 -115
181 -777
-27 911
231 -825
690 -144
927 867
346 631
-149 -783
654 234
534 -568
-400 -860
-481 276
-729 -63
-890 -590
-127 -344
423 990
588 -97
325 312
-200 -605
-989 842
-930 974
-770 -151
-443 685
502 -571
-267 15
350 -771
-629 939
247 335
-445 476
22 686
983 844
-349 -941
-863 398
370 -787
167 -972
408 580
-484 -15
-86 38
264 -718
-721 754
114 -974
886 675
22 -546
890 368
175 814
-166 723
-205 383
17 -667
195 -502
-391 349
251 -425
187 382
-171 -294
-758 331
-860 -416
704 162
-170 423
-562 -240
-896 -885
883 769
441 956
761 -657
-489 -296
-106 -320
370 -617
462 -464
467 -133
-69 393
8 937
-399 -15
-147 995
-989 -331
-769 933
344 806
-871 606
276 -700
531 -777
-712 756
54 -796
545 932
-682 594
-451 409
636 -298
581 669
-647 -300
-310 -560
-468 -751
724 188
-254 606
481 331
-499 -328
-629 -443
845 -820
-676 -230
657 -216
-95 661
892 266
519 493
993 -279
689 -39
-356 883
874 -499
424 -84
89 163
-395 -822
353 -668
-713 -913
-641 -628
438 346
474 835
-25 -461
-904 -868
184 530
-263 801
-801 -54
-822 166
-345 992
984 -866
-820 293
-917 -36
719 503
609 933
-414 -212
-913 84
781 767
-684 407
50 213
404 239
277 -484
-508 156
300 -120
-860 963
-756 881
534 994
-544 -63
-725 -490
-965 200
-823 523
226 364
-568 654
170 -387
804 -982
88 -439
-163 8
689 351
429 892
-869 -363
292 201
383 200
558 210
-184 -778
-243 71
-413 149
-711 455
658 475
-123 -700
510 -930
346 -701
-647 -811
941 -265
-781 -538
-227 452
216 398
399 -476
-554 656
-544 -440
-681 309
-921 -839
675 923
155 -572
-111 -52
209 387
-891 -362
-121 -126
655 -957
-989 748
-137 -852
243 543
254 800
-695 -397
159 622
778 -896
-368 -159
-105 -31
309 226
214 -878
357 232
-229 -160
478 -874
871 669
501 -232
110 446
389 948
-772 101
-445 -71
-155 -278
827 981
56 312
600 -763
53 -585
228 828
-786 183
3 799
682 -75
-574 79
846 5
335 -614
349 358
50 -643
79 997
247 28
-692 -633
-790 -429
393 520
-548 671
-190 -384
817 248
-19 -557
343 -937
141 -697
214 461
284 352
230 671
436 375
715 284
597 639
-449 847
-193 386
141 -821
717 -33
-271 174
185 -817
604 381
-527 372
212 -434
-455 678
104 634
697 -379
609 601
-575 -777
-263 82
315 -196
89 -443
-591 643
-347 -645
-367 611
-525 -104
918 -792
-172 672
-534 502
278 615
-665 424
-814 -753
79 -926
-70 -15
335 -790
-782 -427
-556 825
-68 116
-89 550
-25 313
848 806
-476 -34
-451 -975
-236 712
773 -700
416 -845
717 122
405 979
-122 359
990 -407
103 -537
448 324
611 229
-405 260
313 933
54 -125
814 824
-631 623
695 -857
38 665
64 992
652 273
-321 184
810 -555
681 -285
-349 -578
311 -516
939 127
-272 -705
883 14
509 934
313 125
-318 553
-928 429
117 -763
-184 639
-810 888
598 -39
-187 258
113 -531
-756 -772
36 374
-33 -995
-493 204
986 -80
175 -321
318 884
-547 -672
-303 694
-274 293
881 848
-594 -447
115 230
-215 -743
339 428
-990 -357
528 -864
-153 101
690 -742
-728 -10
566 41
-848 -880
96 812
-447 -569
-248 -864
-386 760
13 794
-56 117
-383 -222
428 572
525 -561
635 -132
407 -423
832 492
-362 -868
-743 -43
-368 528
858 289
-118 -657
-679 498
698 428
436 -138
214 393
976 -571
813 -107
-743 -707
519 -723
225 837
-848 499
-932 979
-150 -701
522 208
895 239
-40 879
140 537
528 -266
-636 142
-308 684
-640 216
895 223
-14 384
576 250
571 -173
558 -173
816 -29
-92 380
-533 235
820 143
-283 -8
-730 10
-906 -858
-971 6
-718 -923
-355 -421
144 614
605 800
921 -556
-225 -527
765 -318
-456 533
155 499
-252 502
-479 348
36 146
-411 -501
201 -764
-671 517
-503 -554
831 -528
-913 195
288 -527
-408 26
-819 613
-992 780
928 -169
814 322
-66 -661
823 -528
373 -583
-394 64
-215 -836
658 -915
-800 -821
456 -882
-603 578
-613 956
-925 -325
-859 230
282 304
-41 503
-664 767
-933 77
-510 642
483 -939
-28 -326
-400 789
-221 -703
310 -89
964 657
97 868
139 213
500 -169
-273 940
-367 -760
815 -83
-403 -651
754 -947
-836 272
947 446
-170 -936
679 -437
618 758
730 -624
69 727
-747 -185
679 370
977 -248
752 -480
111 141
60 -366
310 254
-241 585
885 -273
-545 467
209 420
-44 446
351 -602
-852 -287
529 255
-724 690
-595 -670
-773 -135
-164 275
-364 -32
463 587
-121 396
27 293
641 -325
376 238
218 328
421 393
800 629
-586 526
-314 -811
47 -621
995 387
-345 312
-857 722
-796 161
-559 -852
745 31
-36 805
-305 -221
848 -448
-276 584
711 -56
-498 -496
-986 -401
-204 799
209 -741
-438 583
-28 -276
-666 848
403 -973
-443 170
-116 -448
-376 -875
575 -757
383 18
113 426
-804 -413
-57 383
818 -8
-579 220
667 527
855 -871
670 -394
275 -891
-356 -280
313 -253
-966 543
990 -49
-342 636
805 812
148 854
-36 607
-255 180
-405 645
34 233
797 216
484 712
109 -340
-520 -146
-413 296
-403 109
777 -552
-666 257
-287 523
156 746
889 929
289 -94
320 -112
904 178
862 925
-431 -414
570 -890
-966 -413
-913 634
-613 -917
-655 -733
-616 349
825 -717
-423 -972
312 -490
-188 943
-691 761
749 698
-741 633
574 -433
-749 -563
-837 -430
-502 231
30 869
18 399
257 -594
-513 304
368 -482
-570 594
864 -950
-176 706
102 -311
899 -683
-682 181
-153 334
-473 314
861 325
-493 -562
706 603
-45 -724
358 290
848 -771
259 -568
803 88
131 -352
-965 -869
-649 -629
36 -110
423 988
-336 -934
416 -258
792 -886
643 -768
-680 -98
-836 18
673 -728
-715 -546
-731 -663
637 453
-196 -524
990 811
-152 -134
-816 -439
940 -67
-613 -55
-953 -64
-297 559
-886 726
639 -535
634 537
872 64
-430 -131
560 991
-474 136
800 -763
18 618
289 -757
-557 481
56 -351
718 442
800 -635
562 -713
-306 -552
-348 -441
325 212
-867 -161
148 294
728 72
-694 903
-238 96
-857 -540
-273 315
-435 -165
903 -606
613 -530
932 -442
334 -640
-245 -369
-530 597
-510 312
-110 -969
-399 678
848 -241
320 -688
165 984
-515 892
55 -140
324 564
-724 720
-712 -605
196 -873
-422 65
750 -135
-155 -418
-898 574
334 108
-167 -175
297 -913
-801 784
-868 -181
164 -537
761 501
-225 710
794 180
412 -977
-808 -122
27 -574
-638 -462
326 693
947 -104
414 172
59 527
627 758
128 -197
75 275
591 351
544 844
449 659
433 -405
653 -356
780 -159
487 6
354 470
133 -887
-618 -437
245 -93
558 959
-398 769
-218 -659
42 -553
565 938
400 -353
764 -182
903 -355
552 -21
402 192
199 -910
-532 -306
-147 985
-62 -143
-272 -335
214 -206
216 371
-232 846
-626 -683
748 523
-205 924
441 -715
-88 -352
-230 272
-28 551
399 698
763 235
-943 -207
-6 -223
103 249
-934 -231
-491 610
994 619
-303 -864
-294 924
-525 -257
500 -630
-212 226
-834 -398
-180 -171
-804 718
-574 64
-970 -793
617 917
346 -423
-473 820
-759 -449
-501 520
-705 -359
826 -744
-414 37
486 640
-79 622
926 18
-750 -423
735 868
-473 390
362 433
798 -473
300 303
-316 932
-654 953
80 351
211 -359
-328 990
99 210
-670 716
321 290
-865 787
-445 284
840 287
786 -615
687 156
-322 732
-823 -722
-645 -860
-382 -683
-417 -477
152 -224
-145 -521
-593 -385
-714 665
-735 -547
843 -476
-602 -585
-269 969
-959 233
-185 -835
144 -133
-953 645
195 507
-458 128
-410 -102
-953 79
756 -822
281 -1000
799 -762
354 -84
89 -742
481 -123
-998 -718
-477 -946
973 76
-365 -599
-997 709
39 706
-154 759
-234 -419
-609 802
0 976
246 -142
-816 807
425 -390
599 -20
-195 288
216 542
-317 -130
-155 -616
193 261
910 774
-822 294
-574 -861
361 406
-924 266
-610 -921
-683 -458
923 808
397 -24
-846 159
-620 715
795 882
-884 -526
-727 168
290 260
-591 57
-772 -158
117 943
-977 -100
419 397
50 842
-348 701
-602 364
477 -786
202 929
673 -969
-833 855
862 779
647 713
-158 -58
-991 899
-577 239
684 -308
-28 769
-771 -680
405 221
-146 863
-164 882
-714 46
-129 570
77 314
-546 -759
-550 -133
211 57
-140 -734
-537 -292
494 389
-633 878
-617 -46
-997 -183
-283 -577
-396 625
-458 -186
508 -926
-132 768
-914 -729
583 205
-555 -755
457 147
-808 -68
828 -716
464 510
-261 -517
-589 -952
931 -232
683 858
-840 -282
-168 221
947 -935
-889 926
342 -200
-816 -508
-282 507
-399 185
883 -479
878 127
-582 734
-134 111
480 681
-105 419
772 461
-926 819
-273 0
544 91
-866 -969
430 -433
-32 -246
-46 -899
-370 -327
-174 -916
-315 711
-457 758
125 444
700 263
258 -988
926 -901
866 -469
-853 -261
689 639
-283 -965
-495 853
418 -339
993 -681
452 -816
884 883
-593 26
-984 -784
-177 -60
-82 -73
-635 289
-230 -543
-544 -308
977 918
884 -481
318 875
-218 711
194 111
917 -470
-352 459
883 890
279 -102
386 797
-25 -395
428 912
324 -161
-958 879
689 -372
623 -368
-356 -833
710 822
-528 -491
-504 -222
-474 563
-945 -172
-277 885
-905 -608
-973 842
-30 -587
-788 663
-479 206
-476 -526
-147 -730
780 -760
215 -313
59 60
75 635
660 544
-614 -286
-198 334
465 -919
-704 -762
280 581
577 732
258 418
-451 -625
125 -237
327 -861
998 731
185 -79
-231 262
-579 114
393 -398
981 -274
-114 -429
860 537
-725 -645
861 -224
239 -111
-960 -1
-487 -654
-644 33
-420 847
449 -481
547 -332
-340 527
-65 230
-590 -539
738 -928
889 70
659 -14
-761 -484
-172 511
-326 349
-587 -278
923 -703
-734 193
-360 -670
564 -677
-20 14
-536 41
603 585
126 -84
-843 113
233 -387
-723 984
894 602
116 -928
426 -67
685 190
878 -643
-428 543
93 -592
794 867
-258 -711
765 902
-904 -846
-413 -14
987 377
-96 939
-754 -632
-677 -779
658 -85
-318 181
-264 -168
-783 885
256 -601
670 -682
-413 126
804 590
-618 -2
-447 -747
45 -809
698 -144
-813 281
-781 -670
-735 -364
970 -90
105 547
-766 -770
614 756
-656 906
24 -658
527 303
-978 874
425 -881
531 3
757 164
-383 949
-314 740
409 -150
-750 287
940 869
958 206
616 -762
108 634
-661 -767
297 224
425 762
938 -807
-124 -601
-957 87
894 833
-441 837
763 -216
382 870
167 -754
835 -946
750 248
-682 376
733 163
69 -283
-210 -270
424 961
-370 -29
-370 553
235 317
901 292
58 474
968 -22
587 368
371 622
-358 -904
-681 967
560 -729
525 680
-917 -970
871 -768
550 433
860 -155
224 -821
-334 -388
-148 -586
657 58
-519 -569
457 576
924 -354
-893 757
152 -781
850 521
-916 -176
676 -396
82 845
-709 829
-742 525
184 -268
594 103
803 -138
-683 -89
755 67
-507 800
902 -888
-517 -221
424 881
53 -596
223 -383
647 874
-665 -966
497 -462
603 57
226 773
-770 -236
95 -304
172 67
641 -874
494 703
118 706
-189 767
-820 736
-347 -87
-125 -638
945 -211
557 -570
803 246
-246 278
667 861
-356 33
155 564
674 308
397 594
-530 -565
167 17
-702 -45
-970 -685
854 -690
-141 -233
-670 633
536 888
-888 -364
60 -708
58 11
768 -624
-968 -192
138 312
986 861
-246 177
623 226
595 -573
-354 -441
-881 831
-248 504
-615 451
-365 705
-334 215
377 546
-707 -561
-358 -38
7 -560
-364 -399
-347 401
352 -124
856 -404
605 419
-204 -206
676 -78
740 -296
-588 -300
-223 700
-572 -859
918 789
-73 145
217 -740
-918 937
-397 891
-733 -136
-129 431
-612 -387
-856 268
837 -782
-702 781
583 -401
-534 559
507 325
-486 505
-63 -985
229 684
-15 422
-316 -852
513 -979
-210 -164
-651 662
69 9
-629 245
-490 -257
-223 -554
-645 379
-935 -119
105 543
806 -659
-851 -995
-434 -467
439 792
864 -166
-900 -43
-775 768
240 908
-292 -615
-131 -595
-643 62
222 -248
-585 -627
-866 18
-354 -223
-463 880
606 902
238 80
-813 -493
-709 -40
-290 -910
-32 -845
-873 -958
320 604
425 320
744 147
-447 -495
-239 502
507 -366
832 -840
-14 511
91 517
398 -113
-792 351
337 -127
-109 181
-316 634
-807 -600
683 328
-947 345
-107 230
944 -881
984 -999
672 -24
162 -509
-57 -420
-243 -367
-993 171
-7 734
176 -634
-781 -620
-986 266
208 -117
-38 -666
616 -365
645 581
-947 -113
-733 -964
482 664
747 -720
-476 -40
-999 809
828 164
-507 713
130 560
-572 308
914 879
-605 -19
376 -12
630 771
721 -339
859 835
606 133
-772 701
-146 780
39 31
-965 -916
-337 -776
437 433
-115 594
-457 174
-355 873
286 431
-747 334
-527 -7
-924 931
242 660
566 -887
-267 303
258 860
880 203
211 -546
-39 -745
-933 988
618 -671
134 -817
-833 797
-28 -956
400 -539
-751 -745
-649 979
430 -217
783 473
-882 -465
577 630
-176 975
-847 -706
745 -36
-496 -433
326 -634
-238 -125
-779 119
99 -913
-959 -857
692 -884
789 374
-289 -903
706 46
-873 401
430 115
-190 101
-627 841
536 613
-22 85
745 979
-993 822
838 510
201 -406
-90 621
-563 -296
-948 618
-358 893
869 810
-812 -213
790 -72
-280 848
793 461
-325 573
-162 954
444 537
-527 72
504 -706
815 413
328 -436
-598 812
78 360
894 435
-611 -196
-527 -310
169 397
336 89
334 -805
667 216
812 -880
725 -549
-158 491
-929 -296
-446 339
650 -640
466 736
-930 427
-478 -314
-702 -228
885 610
-632 209
101 735
-819 431
-197 -302
-165 415
521 -214
-248 -931
237 410
914 80
400 -136
870 689
-672 -281
608 -683
-140 266
65 155
185 -66
-780 -585
816 385
-545 234
639 -932
-530 -32
513 -788
-538 140
603 -320
-112 997
898 423
-636 -909
779 137
-38 -35
298 81
673 531
-76 -235
-693 -308
-267 -650
-882 -678
95 945
-263 -366
-739 834
566 694
-74 -464
-579 -467
61 -741
935 -314
-972 253
-625 100
994 -703
-320 199
489 -896
-22 228
-493 846
-259 75
650 492
-129 -73
987 99
202 62
-542 686
748 -5
307 -562
-686 815
363 -237
552 665
-610 679
583 -882
-513 878
331 -369
-409 510
827 -94
886 -65
366 582
45 275
-879 -856
964 -914
-258 767
649 -296
-999 -956
-878 -790
-379 150
-892 -534
-786 509
961 323
-70 379
-49 436
311 -736
-426 -395
-617 527
-346 -992
907 -437
-851 -933
367 -110
-368 502
-212 -913
138 -919
-105 -845
78 -606
-433 -690
-527 228
-774 576
-316 883
460 -622
974 639
771 -302
41 -60
594 12
-816 -796
737 171
692 -356
-288 -336
-73 190
94 486
-309 619
-280 943
400 -724
-436 232
-998 258
171 -478
-765 -142
-434 -978
99 554
-901 268
-978 -766
-120 881
7 673
-1 -97
-615 61
-144 351
-307 664
-177 676
317 -337
-140 203
-989 632
-668 -572
603 -28
860 -271
-196 -648
-303 41
442 -486
986 -234
776 274
-553 425
627 -486
24 244
-441 -830
133 906
-630 -729
689 -628
18 410
-220 -780
-19 314
633 -525
-360 -844
-879 794
-299 -118
-558 -98
-378 586
274 -50
-763 169
-885 -306
-230 353
728 725
-998 -846
275 -678
594 -602
-8 -99
-222 968
609 -124
185 -688
-759 -137
249 399
-422 -531
-567 -982
-212 -557
-249 -827
371 -696
-483 517
85 303
-996 836
-785 -21
-612 -417
217 555
922 731
-126 899
182 -840
-915 166
-733 -715
-816 150
19 -784
-663 -414
-850 319
-83 -904
401 487
-168 -695
-902 52
-554 -71
154 734
653 459
908 -103
-385 478
-173 -699
600 -950
-374 371
-768 401
744 495
-133 856
-242 -441
285 302
229 213
481 -8
-294 683
-268 -159
230 -168
90 -698
-340 -380
-93 -317
510 -789
-447 -379
915 393
-783 405
-352 -15
-410 868
-760 -721
-88 999
99 -546
-892 -771
538 -535
52 375
-256 923
-639 893
479 -151
-24 -957
-785 -45
571 -947
-523 -222
-444 -162
189 -349
837 -175
-600 -877
-73 784
-951 941
264 144
155 29
492 177
935 93
-922 -696
-753 431
-226 437
186 49
674 -347
376 -660
835 693
39 804
894 167
562 928
372 19
450 333
711 633
-132 -180
530 -151
-457 -205
25 762
-845 -599
-369 910
270 12
-104 885
-678 794
187 424
-781 -995
-230 792
918 -138
-308 -891
-237 -706
-695 230
-287 23
-598 -616
204 -798
785 754
346 373
-355 872
716 -189
200 846
621 -821
-98 389
136 60
104 48
996 188
996 39
-79 276
-209 68
-961 372
46 -827
52 -408
-600 852
-202 -267
-397 103
-580 -446
29 -467
-476 304
-347 824
-415 845
-926 -854
-43 755
607 -667
-221 -246
-145 -185
732 504
-99 -703
-365 -633
767 393
-592 495
422 -666
-177 143
625 -475
184 -424
953 195
-903 301
432 924
-387 -135
687 -963
-918 376
-666 956
-283 -870
-128 -164
153 -212
-520 290
734 -896
-536 -895
-731 919
33 7
-656 619
-936 -780
570 -209
755 -441
562 323
385 -540
570 873
-996 -442
984 -546
77 -79
-138 -554
988 789
-799 552
-177 474
-308 -341
124 337
-328 -12
-64 222
-107 -563
-800 80
72 827
-538 497
-643 52
640 -662
-805 -787
-694 938
-41 630
-370 -651
751 -440
95 -262
922 -12
-494 959
209 682
867 -558
668 -666
-611 -197
-533 -238
-922 810
-568 -221
-739 -980
-673 391
-841 -173
933 625
133 -822
668 744
550 224
412 340
337 603
-579 153
996 -162
-676 32
864 401
-39 -822
384 583
-490 -82
627 -484
835 639
689 -982
209 867
825 526
367 888
44 381
334 -57
-7 -541
-478 -378
239 -226
-766 -275
-78 -360
925 -9
845 46
491 138
-741 276
-997 -548
-564 469
687 -920
-130 -427
-282 932
181 -297
258 341
271 -279
810 185
-874 991
170 -887
164 887
-253 -500
-742 -240
-439 661
-446 178
-477 43
-475 639
712 54
107 430
669 -742
531 288
887 -12
-831 316
-97 -616
-179 501
19 -346
-108 282
-616 184
-871 -171
-990 906
25 -967
-103 407
-483 -243
-532 -77
-990 -321
-110 -651
16 917
594 722
22 283
-488 -248
656 -991
-906 -278
-973 258
20 -854
656 390
394 573
554 835
727 822
854 -432
-814 79
-784 -295
19 478
950 -579
-903 -550
266 -472
571 448
356 -337
69 521
786 -125
224 507
-335 483
-41 981
-701 -135
928 418
706 -979
-127 -41
-735 -205
-838 -332
65 -322
748 -64
988 226
504 509
813 -148
157 275
-487 195
867 366
-602 925
-359 -901
-164 -246
242 793
-629 826
-724 396
-236 -464
-357 -740
831 966
-95 750
-622 0
304 -357
-106 -775
-356 -103
242 255
-400 -469
875 -44
165 548
549 -923
588 -278
287 811
-598 126
-858 349
-354 -351
114 -748
-719 -911
-884 -335
-66 325
55 615
692 813
254 -152
-685 -969
310 -714
505 806
-760 -861
28 284
171 -818
-675 954
234 -949
873 53
930 88
649 480
361 388
309 187
832 685
-170 -396
397 -677
-450 245
446 399
65 432
233 765
803 277
192 239
775 -182
944 36
534 -922
-721 303
-116 599
110 265
-271 -530
419 208
-67 654
119 759
-479 21
-97 546
623 890
-883 437
-788 40
216 280
-93 -418
-597 -370
646 -362
-563 657
564 -397
-602 23
-639 171
-292 -178
719 -799
103 -967
320 -165
684 570
-675 122
-930 485
-655 -254
-556 651
780 -567
594 -142
-771 342
-912 -969
778 211
270 -212
-615 722
93 333
845 -863
419 -917
108 865
693 -642
-44 -133
284 343
-231 -613
-877 -210
-472 438
-456 -323
-839 -178
-902 841
453 -675
-910 224
92 932
311 -928
-518 877
-178 -880
110 221
262 -973
896 -108
273 -412
-598 626
938 964
883 -329
-655 -846
161 -501
-205 114
752 569
904 -803
636 198
-916 742
868 330
-81 802
683 -906
-646 -130
-446 -807
606 825
-252 -59
-892 -519
-802 -920
-240 -34
273 341
91 -178
111 -958
-158 -50
-150 -197
441 726
346 -265
601 -76
149 292
161 -73
-26 532
364 177
947 942
588 472
-877 183
773 -125
-64 35
-22 928
-580 -719
-884 -130
-250 130
-674 953
-81 969
-983 -197
-627 907
-155 807
246 -660
-223 154
-199 -1
938 266
694 367
-186 -787
-704 596
-414 581
-276 217
832 468
-41 331
-281 -89
-944 -875
847 527
763 -295
856 402
-930 276
-919 66
317 715
344 479
-411 790
664 -514
818 699
518 -192
857 199
140 -188
-570 643
-551 -133
858 294
-455 683
676 441
528 788
11 -3
853 163
-463 -386
-410 969
427 969
810 686
-52 224
-436 -501
-974 -908
887 -844
586 -453
49 3
-662 -707
747 -671
897 32
298 943
24 509
-179 -211
-65 -927
-811 -766
-77 -819
47 31
-951 -947
577 71
554 -330
769 179
118 -846
-806 757
-589 659
881 899
900 -894
698 -603
-509 420
-572 -477
-957 -497
-189 -562
-97 -832
568 -884
667 586
-9 206
-651 155
-960 815
-137 195
85 -97
8 432
410 -92
813 -553
-286 -782
403 -526
758 182
-347 -129
-366 -685
848 -72
305 203
-757 -181
-280 -186
305 -359
418 276
-783 467
926 204
347 -520
-519 629
-441 774
-306 -224
649 -311
-506 336
446 -646
-369 494
435 243
259 21
-288 -681
143 -484
-889 -505
324 998
-539 -902
-256 782
392 -322
-406 28
728 66
894 83
-373 -786
48 744
-497 594
19 876
-588 242
-483 495
444 156
-469 219
-762 605
-267 922
-183 218
179 -222
413 -952
653 983
485 -287
-937 -386
640 -103
-702 699
-720 -465
-319 600
-439 930
-618 -68
-53 295
605 -203
-866 -163
549 291
-823 -895
-337 374
-893 514
-310 91
118 210
828 15
-282 -90
792 -551
-291 95
45 -337
269 879
-789 -413
-1 613
363 -902
663 -392
496 403
-103 556
-544 -410
416 225
-619 601
71 323
819 -837
-462 -854
-932 -530
-48 -942
107 -701
404 784
-937 809
-274 -302
919 829
-722 -422
-35 -649
321 -314
-129 -801
752 969
824 -670
-814 131
464 -602
823 -476
-273 -393
503 433
-981 484
870 759
761 -331
330 -782
-926 -87
568 252
-302 -904
-997 864
-588 222
-740 905
-574 -472
-324 -629
468 458
-119 -722
725 -732
-359 -683
-227 181
332 358
702 -539
871 -113
-243 875
494 740
-451 -787
462 -948
596 268
-795 734
-837 -711
-124 -395
670 639
-803 50
-891 -809
998 814
827 -995
-51 814
96 651
826 669
-90 -777
-475 670
993 477
-8 297
360 -694
177 -587
-92 -980
275 -639
-487 -531
551 781
-566 208
532 -460
682 -66
900 -808
-928 -437
961 223
567 737
66 -27
-832 -801
-646 298
688 -212
245 -166
-746 -196
-432 272
-684 -693
444 -542
-780 359
-763 256
-52 -987
60 958
378 805
787 344
-691 -42
423 50
74 -391
-96 699
-723 -442
-915 838
447 -479
513 128
280 180
231 -914
276 95
-157 39
259 -420
-277 -980
-369 -175
-942 -893
780 -765
-475 986
-90 41
-730 276
-881 -113
-59 626
844 26
651 71
-80 172
-152 -114
437 300
8 128
713 746
395 -649
-980 614
696 -286
307 -501
441 -23
-719 213
555 -851
-619 -186
-174 -880
67 379
376 549
-315 368
-204 -340
453 14
-574 133
659 380
869 180
637 -24
277 -833
-351 361
592 -228
88 274
123 807
154 436
-96 267
953 312
-565 -746
906 979
-312 404
10 346
-75 533
220 -774
-494 -996
149 -681
-443 602
-545 -760
988 133
-521 257
-47 951
-610 607
862 657
809 244
30 53
831 -299
-534 -253
984 -260
859 -239
-945 789
-402 661
481 -954
976 708
276 -416
694 429
-934 -176
-606 -647
-59 -62
562 -109
-447 5
-140 945
-724 317
-517 280
31 401
-112 -452
162 415
-104 51
123 885
945 968
-555 839
120 -630
-928 -21
590 367
619 -149
-292 -815
484 -404
-316 -845
763 636
-700 -937
-267 -458
96 -99
-834 678
979 754
998 -789
-235 484
243 903
31 -19
961 933
-91 807
834 794
-742 721
648 -56
-193 -370
-102 -646
-262 -751
-984 -701
309 343
-839 668
48 702
887 624
-501 -880
-479 55
-832 -576
-306 818
-891 -454
880 807
164 593
173 23
468 528
659 453
819 721
-257 425
474 -73
52 559
17 177
865 695
967 444
-13 202
-771 -987
218 -235
379 582
965 -497
-215 -229
656 -267
-527 806
511 -611
-240 670
-519 -217
391 468
743 879
-472 -102
-311 513
-849 -928
-757 353
319 636
-664 -304
322 -516
-469 167
-353 198
-671 -55
291 26
758 -511
351 -215
-860 511
-592 -508
395 -193
-560 -881
-988 -395
-114 -762
768 -224
395 -992
982 -534
722 -904
617 -600
-23 776
973 -861
-899 -44
-670 566
-263 -961
-978 130
644 276
352 -937
-440 923
-128 30
-59 -330
954 -477
4 761
777 -159
-741 -791
959 218
217 -994
169 751
-38 60
417 -813
395 400
545 -409
-214 240
912 -600
-620 -195
120 965
709 -493
-879 -546
515 341
758 559
958 -108
56 -845
-772 -24
660 766
546 -550
-450 591
972 549
-14 533
-190 -33
-58 756
-774 99
894 -268
714 788
-210 494
16 -991
-598 -660
359 -294
84 -649
71 317
-46 714
-938 366
638 -967
451 -532
658 -337
-582 985
-535 -198
565 787
-670 -213
-15 -560
910 -587
-788 -773
-621 856
137 589
-773 -235
389 382
346 679
-284 -828
545 784
-145 571
370 -202
-479 301
-765 450
-938 765
994 851
262 -974
-205 869
-281 -197
-391 499
-198 -994
-130 -433
637 -37
68 -679
857 -50
-705 505
32 347
-194 -199
701 222
743 -334
-923 805
159 -879
-108 -928
475 348
863 -181
765 -763
-135 705
-987 87
345 -548
-925 -215
75 -823
414 117
-388 192
839 -210
-939 -148
-778 -873
-237 552
-277 223
917 333
-50 93
-444 -601
274 415
73 689
402 -73
590 717
-860 137
769 644
855 675
-293 468
-275 -23
741 -306
309 -111
-860 -211
96 860
-118 -737
-824 -874
762 850
918 -622
301 432
-225 649
-681 -872
811 -24
-792 675
263 745
240 -70
563 -625
-527 -621
-798 -179
443 263
138 -523
495 -436
644 823
895 -533
-479 -430
-727 138
107 549
-676 131
-339 -623
217 -272
-51 -132
-950 239
-25 533
850 841
-409 -914
-219 -120
7 -830
908 -286
-776 177
489 299
-593 -524
649 678
-633 -709
-680 346
-123 528
155 538
-260 17
155 929
337 183
143 821
-599 -321
-27 -221
-716 312
-275 734
-697 -657
453 -422
629 -257
-603 -758
-810 933
683 236
-141 -165
-478 883
-560 -462
-373 -84
911 211
345 459
465 -734
-258 291
-311 -309
-390 941
-138 -882
-970 280
-380 -15
-305 584
-151 -974
-82 513
389 -448
-170 348
-316 -353
-218 -450
94 751
233 758
-179 823
-890 -976
-106 -163
354 -552
-702 932
379 16
644 793
-125 -37
-183 144
333 91
-127 960
123 -514
-63 -59
-483 323
151 776
-292 800
799 256
760 -79
-86 252
32 897
-882 672
-136 -42
-956 978
-557 941
785 267
645 276
-254 868
-149 -565
-1000 379
796 -171
638 813
507 -992
-269 -337
423 510
169 -314
-426 -88
-872 -593
234 367
138 433
844 -779
-932 -946
-640 219
573 -823
775 -713
117 -462
-932 643
-167 492
-231 815
954 -884
402 688
-379 765
-52 377
823 561
37 -872
-173 526
-883 324
-258 -241
-966 515
697 803
-654 -990
-608 158
-312 -953
366 418
930 -233
-525 -427
755 104
-617 -977
-645 502
-591 -635
-753 551
-822 281
-658 972
589 -186
-310 -658
-639 -7
254 430
649 -794
501 -730
-106 668
-809 929
-676 -271
997 -20
-194 -618
527 -811
-316 -866
-388 85
120 -490
-965 163
-412 -216
-301 326
469 -80
334 729
-664 297
548 36
60 738
-209 -634
844 449
-640 -718
-944 -73
-337 -538
-885 268
990 140
8 668
-552 -835
-984 699
506 227
639 129
-369 -91
-787 -820
738 -608
-244 732
399 -902
399 227
-239 -636
365 -270
176 -729
-617 753
864 -790
-405 243
735 -650
-655 -712
-117 -390
168 558
312 625
-397 -1000
-874 905
732 816
623 241
895 687
931 7
946 468
-92 -645
624 845
634 79
586 758
-862 -976
-790 -314
382 959
537 714
-842 -605
-343 481
-535 123
291 -779
750 -405
-829 -840
-67 -147
-704 469
-483 389
321 523
-480 -572
398 -386
-362 781
348 -979
-183 -441
386 772
261 -261
283 -652
478 -914
-541 537
-753 514
956 344
-473 -593
-176 -763
459 64
-280 -809
-614 -524
106 589
536 87
-393 -349
319 470
852 -197
109 -73
230 -183
811 237
962 798
279 -828
-591 719
890 110
-523 -788
-383 -769
-464 70
944 -247
805 716
737 172
205 911
550 -724
-741 921
366 -279
-949 289
922 495
461 580
-498 -24
-573 -781
-817 971
859 -956
-995 875
198 442
-726 -835
-562 998
950 -164
-152 -258
-534 -25
-191 182
-701 -107
-519 -98
337 877
-269 -28
964 639
-992 -152
902 967
25 -470
-289 613
-1 -822
-619 491
736 62
228 515
-144 -911
-532 -419
-959 690
-835 763
-752 340
29 -933
-16 298
605 91
-543 619
307 -785
-525 -234
-372 -421
118 741
887 -300
421 755
364 626
-993 962
-531 848
425 112
616 933
-983 -772
-488 -259
228 -570
-536 -205
955 201
302 272
-228 894
728 -926
955 587
-956 -442
591 -370
235 349
-954 -164
-253 339
-635 -35
-847 797
308 -226
502 -424
-193 164
-490 344
363 -889
135 141
117 -933
534 -76
-902 -791
347 -7
474 -505
52 -228
208 965
133 -754
424 -770
977 826
-208 -410
466 400
-811 -651
695 -153
906 966
262 -577
549 -756
829 675
314 321
790 -25
-828 -187
-196 551
343 899
189 617
-622 163
-776 -250
-900 88
-939 656
-987 -93
620 -465
718 -472
918 -352
609 -156
704 -782
-859 -629
214 -414
62 686
394 -401
-535 288
-428 488
896 -213
-844 219
961 530
-647 850
-4 313
104 927
-224 844
565 606
-506 825
185 454
-154 -605
581 -873
-163 252
984 -502
-160 880
963 307
707 318
-340 428
-872 -957
109 -751
970 437
-200 145
-433 -891
884 197
-107 -657
-828 972
587 -457
529 -328
