4 -8
1 -7
6 -5
-2 -1
9 -2
0 -1
2 5
-4 9
-8 -10
6 4
1 -7
-8 2
4 9
3 -1
0 0
-5 -10
-9 -2
6 -5
-10 7
2 0
-1 -5
3 -3
-9 -1
2 -1
6 9
2 3
-5 0
-7 5
4 -10
2 8
-9 0
-5 2
9 -6
0 -7
5 9
-1 -5
-6 -5
-6 0
-6 4
-6 -3
9 -8
-8 -1
-2 1
1 9
-6 0
-6 -2
-10 7
-9 8
-4 6
-10 -1
6 3
8 2
4 9
-8 -10
-5 -8
9 -7
2 3
9 2
-2 -7
-4 -6
-8 -6
0 -6
-3 2
-10 -4
3 -5
3 5
8 5
-5 -10
-10 -2
8 -2
-8 9
-6 -2
7 7
-7 -5
-6 8
-4 -7
7 4
-4 6
-8 -2
2 0
-1 -6
-5 -8
-6 -4
-10 8
7 3
-9 -1
6 1
-5 -6
-4 -10
3 -2
-6 -3
-3 -10
-6 1
-7 -4
4 0
-5 -9
4 -6
-1 1
-4 7
-8 -3
