-35 -90
77 -67
-37 13
42 -66
-79 21
-85 63
19 -60
-32 -11
87 60
-52 39
-80 51
-69 68
72 -74
-97 -8
-67 71
17 51
-20 -51
6 60
75 -63
35 -65
-7 -39
2 44
44 -34
-76 -58
-88 66
-70 98
39 20
-58 5
-3 -94
-99 -64
21 48
9 33
-54 -10
78 21
39 25
83 59
-86 65
95 -2
13 62
26 -71
24 24
-95 28
-85 16
24 -85
53 55
-43 54
-54 -7
-27 -14
36 12
91 94
91 -20
28 41
44 -95
53 8
0 76
-72 -26
-74 73
89 -39
-29 59
-75 19
-59 -86
71 -4
92 61
66 64
-85 62
-8 72
94 11
-3 -42
-82 -83
-14 -85
-50 67
-29 41
17 -96
79 15
14 -58
35 -20
-84 -12
28 77
80 76
83 92
59 19
9 82
32 -44
-47 87
-54 4
-10 97
-81 70
40 10
17 68
12 -25
-68 -93
15 -60
-31 -40
-84 42
74 26
-51 95
-47 -24
-26 5
57 25
-71 -76
1 65
9 21
-21 -71
-54 -74
-88 78
-63 8
-39 -86
-33 -30
-24 17
25 -14
67 -75
79 -14
-94 -100
62 10
13 -17
74 19
60 -71
30 50
-57 -6
23 89
46 -49
-64 40
71 -66
89 -49
81 -35
-57 -27
-92 59
10 -90
-1 -79
51 44
76 -6
53 -64
58 41
85 59
-93 -62
13 64
43 95
77 13
-15 21
91 -73
85 -25
-48 -85
18 -47
28 93
-89 -75
-95 -44
38 -5
70 76
-96 93
-86 -74
21 -54
77 -54
-68 98
-63 73
-100 16
-39 -48
12 88
-79 85
93 1
-45 95
26 74
12 -45
-20 -16
66 47
-62 -76
61 -57
-9 -15
-21 -82
0 62
-6 -74
-58 -99
-18 65
-63 47
-37 3
68 71
-65 48
-39 -19
25 -30
88 -42
-97 27
33 59
-13 10
55 -44
-70 77
83 -64
66 28
97 -75
-48 81
18 -63
-67 -53
-2 3
-67 -61
45 -75
-2 91
70 -48
58 -23
70 -22
-55 -53
-98 -80
-55 -49
-15 94
17 97
14 -94
7 -40
45 -26
-90 18
91 32
35 30
23 -86
28 -100
53 38
-73 -98
-36 7
-73 83
-4 89
26 82
41 -4
11 4
42 60
-32 81
-44 34
13 -64
-30 9
20 -27
-16 77
61 51
91 -3
-48 32
95 -17
49 -85
-70 51
65 -36
49 21
66 -77
37 77
40 36
-33 71
-87 -8
89 62
38 32
13 -27
55 -97
-97 85
-18 33
-16 5
20 -11
-36 -14
16 37
62 -55
-13 -65
-76 95
-82 -70
-13 94
-76 5
13 9
30 39
-79 33
78 -81
46 61
-84 -61
72 22
-60 20
-22 -88
30 79
16 -18
19 -55
-80 -45
-76 -83
40 -61
88 -72
43 -70
-67 -17
88 11
26 13
30 76
-51 -23
69 44
66 1
-80 92
32 -38
17 -57
22 -28
79 -25
94 -96
10 61
47 -14
-68 -60
17 47
9 -17
29 52
-65 -98
-76 19
58 86
13 78
-81 -44
-64 56
-86 15
5 -90
-68 -57
8 -24
92 89
58 30
37 -83
-22 65
-50 -26
74 82
53 54
-86 75
-78 16
41 -57
-59 -100
83 -30
32 -36
21 95
-96 22
25 -79
-65 -25
-34 -34
-1 42
-55 82
37 -63
-91 2
95 6
67 -7
86 -72
46 -18
91 58
87 38
-71 -35
-6 99
18 99
-2 46
-54 50
85 -45
46 -37
-98 29
56 59
85 1
-94 -60
54 29
64 -25
25 -20
79 50
-66 -20
18 -68
-96 39
-47 -65
-53 -16
22 -67
99 -51
-71 64
-67 -39
-59 -44
-4 -69
-28 -69
24 49
-51 26
-86 64
-59 -72
-42 -29
39 -73
62 38
-55 -27
-93 -63
88 31
13 -79
-26 -57
19 -71
86 22
-8 43
1 -4
19 73
7 90
61 51
-97 80
31 -50
77 -4
-66 52
-90 39
-36 73
-52 79
-25 50
-79 -27
60 -87
-27 -95
-54 48
64 -11
-73 22
-87 -7
-5 -59
-100 39
18 -17
19 57
80 31
9 27
65 -24
65 -47
-32 51
69 8
28 -15
-69 95
16 14
-13 70
-24 -99
-48 -92
44 26
-53 -21
-65 -44
-24 -84
28 5
8 -29
94 -53
-8 -54
14 -64
-11 41
-85 5
-26 43
-76 -61
-43 2
18 35
92 -48
-27 74
68 81
37 -84
-38 -63
75 -24
-82 33
-5 -76
73 46
-16 -94
-27 -68
25 93
-85 87
-71 99
-70 10
14 -36
-50 -12
-23 -20
42 42
32 -10
96 8
-100 66
-92 61
-3 -22
95 42
60 -37
63 76
-35 -43
-3 -70
-82 -93
-32 -60
95 51
-97 39
20 -7
-21 69
47 43
14 -19
78 92
17 -69
-23 -73
61 -30
2 37
68 -81
-21 94
17 -9
59 62
-24 34
-38 -8
-79 -54
-35 -42
-94 50
50 -54
-91 -49
57 1
-8 46
-21 -30
68 50
-53 96
6 91
63 30
-8 83
46 -75
44 -99
50 7
24 36
-51 -27
-27 -92
50 32
-68 72
52 50
19 20
5 -97
-67 -37
77 52
-19 -65
58 -65
75 -99
68 -20
-47 86
-79 76
-4 -70
97 -91
5 -22
53 -56
-28 66
17 -25
-73 -71
-7 -88
61 29
10 38
-37 89
-53 59
-95 -7
-60 -42
-82 -21
67 -99
34 -65
-86 82
63 -68
-69 -82
11 29
53 -64
74 43
-50 -5
-54 -53
-21 8
-93 -17
-66 93
43 -33
-93 84
-29 45
-45 26
-79 94
-52 99
-83 74
58 75
-26 58
-68 -24
-99 3
-47 -35
-40 -98
55 57
51 82
31 -13
66 -41
-82 45
53 -8
-93 97
-83 -62
68 14
90 -91
71 48
35 -94
-9 -100
-20 -77
73 -6
91 82
-85 -79
-81 91
9 53
2 64
-17 -99
-65 40
5 88
2 84
-75 -11
93 68
-13 -25
-24 75
98 16
-98 4
-38 78
22 -61
-96 -49
31 61
67 -2
26 97
25 70
78 89
73 28
-96 -93
46 -35
-12 65
-61 36
41 36
31 -99
58 23
73 37
-40 69
-88 -88
-6 -56
-27 -23
10 21
-69 -50
-46 -69
73 -24
31 91
73 84
-87 -92
-22 -90
56 71
19 74
-64 20
97 43
72 -18
-11 -48
-62 -68
16 12
26 -45
10 5
-41 76
77 -25
98 -21
-8 87
59 -8
-8 -33
-78 -7
-98 99
39 -98
-5 -44
89 20
-100 -18
68 -39
95 75
10 68
42 2
30 81
37 -97
-42 60
-97 34
-70 -83
-45 68
45 41
-95 -40
-2 -17
56 -77
-29 98
38 81
-28 58
90 62
-32 20
12 -19
32 -51
-2 17
64 -81
-50 -9
-97 26
-33 -37
-37 -13
-66 -43
-35 69
79 86
-41 11
-47 -87
-23 -100
-42 99
-72 47
-82 -38
-24 57
-95 71
-82 -90
-53 -7
-73 -52
-22 -68
-31 63
-100 -89
-17 2
-7 74
-56 -92
-78 34
37 -55
-79 63
-65 -74
29 -49
13 46
-60 78
54 -40
-52 12
26 -11
-53 -43
3 50
90 75
45 -11
-15 -43
-72 61
47 80
90 -65
64 -6
58 -12
64 43
-20 -2
17 -38
36 -69
-100 1
-100 69
65 82
73 -32
-35 1
-88 -91
-87 -30
-67 -98
-77 -71
96 35
-89 -60
9 -89
-98 -97
-40 41
4 -17
-21 -9
98 -44
-95 -59
-44 8
42 0
-48 41
91 -37
-65 45
-27 -66
-90 -37
-66 -47
58 13
-51 -47
79 22
-8 -62
60 80
87 36
94 -64
-42 -20
26 -96
84 -9
-52 -98
-86 -40
-62 16
34 52
-88 -17
-89 31
65 63
-25 -100
83 -18
-60 -93
23 1
-12 13
8 -75
26 60
-6 92
60 -43
0 28
45 45
-95 -58
98 94
62 -25
-65 93
66 42
27 14
-8 52
-90 -46
-72 13
-14 -59
62 -15
-27 -93
35 87
66 78
-94 -28
-60 -54
-46 17
74 42
-33 -44
-56 -77
37 67
87 35
48 -4
-56 -19
-59 -93
-60 -16
90 76
-62 2
40 -77
-83 -60
-10 7
40 -3
-87 -38
-44 -69
-95 -63
-28 55
-72 -9
88 20
-56 -75
78 47
38 7
93 -75
83 5
39 72
53 18
36 9
80 67
-8 -40
52 -92
12 50
36 24
-56 76
-26 -67
-95 24
-93 -90
-79 -6
21 -78
-27 -12
-29 75
68 -97
-51 95
-26 -27
-65 36
-87 37
-40 -54
-36 71
-61 -11
66 -32
-21 -49
58 -73
72 -71
-43 33
97 52
-8 -87
22 -64
67 54
-92 -50
-66 0
-65 62
7 16
-45 -77
-64 -43
30 -48
35 7
-45 35
16 -81
18 50
-59 20
-71 -90
-73 -28
-8 -81
86 72
-87 68
69 95
-18 -69
-78 -19
-1 72
-36 -38
54 15
-64 66
-11 -14
52 84
-51 10
22 94
76 -4
-2 -3
78 23
88 9
-38 82
-57 16
-95 -15
-45 -77
2 -93
7 11
-67 28
92 1
-94 1
-23 -10
59 98
-2 -49
-31 -94
86 7
-70 81
-43 -20
-81 26
51 -85
-93 -53
-85 -9
76 61
-27 -17
34 91
43 -23
56 -25
-59 37
-38 -6
-94 9
7 -73
-10 45
-65 3
9 80
51 -33
40 -11
31 39
99 77
-26 -12
55 46
27 -48
32 -49
-86 24
88 -54
69 -10
10 17
-18 -79
30 34
-53 48
-16 -6
66 72
69 -10
72 -1
42 82
13 -42
29 -23
-62 96
-3 -99
92 37
-21 -50
45 -19
-92 -68
-13 -72
-56 -89
-93 -2
-40 79
-28 -39
20 -34
5 -45
52 -57
-75 39
91 -68
-34 -58
-5 -3
-98 7
78 11
-87 -49
65 -46
41 -24
-50 -87
-44 29
-39 -98
-11 -53
-89 32
-31 43
-2 -13
11 5
28 81
45 7
63 83
12 25
-66 -4
64 -71
44 -62
-36 80
-42 -53
-44 26
9 56
-22 23
-54 -56
2 -70
-48 46
-67 15
-37 48
85 -70
97 -29
-49 66
76 -59
-29 -85
91 40
35 78
-92 -55
32 53
17 61
-66 -25
61 -30
-95 37
24 -55
-89 -71
-42 -31
-21 79
4 22
10 28
-69 -37
7 45
35 -63
57 34
34 -61
-62 11
13 58
83 -1
-26 25
-65 -75
59 80
23 -91
82 40
88 90
-16 4
-54 -66
-86 33
-91 -13
-74 51
57 99
65 28
42 -23
56 5
31 -43
