-796 -925
710 868
-27 347
-527 -390
82 -988
469 -462
819 -644
-839 722
170 -404
-186 685
897 -609
-400 488
76 825
-602 484
109 204
-182 -375
-289 857
-997 461
-267 769
534 285
-177 -456
-371 -545
796 -317
483 69
-325 646
-190 -221
-893 993
207 -262
295 133
-337 -1
-988 7
437 61
-715 -470
-122 -607
-939 145
236 -55
402 -380
867 -393
-815 258
628 487
-297 -676
22 986
-193 -865
556 -205
-370 -607
889 -184
245 -725
299 -447
14 -978
117 -943
643 888
-764 -145
270 -792
127 -970
735 134
-51 942
-918 -769
-761 -278
166 318
-914 -773
-547 -790
825 -621
-59 -159
-477 610
-426 -239
519 397
-851 -143
-530 -424
-176 -789
418 370
-955 -330
-384 216
436 -918
747 483
911 -957
637 -557
-903 51
439 -51
27 -723
99 717
-407 938
400 -301
-678 -205
-445 350
-588 -667
149 -124
-270 -622
-831 -597
601 419
94 -384
-2 745
-890 404
747 -370
-179 249
502 201
-873 -374
-532 471
-682 -682
-187 -129
-92 67
-849 -398
317 -150
-588 571
818 622
684 -504
274 -135
-52 -376
-487 235
927 -753
-828 265
-255 -872
-722 414
-807 175
539 -660
-235 -737
852 -734
-251 -556
-266 965
-438 -943
-256 51
-294 -905
587 166
-523 448
-933 620
-856 688
85 -681
914 425
-547 575
-36 340
988 -509
-941 -440
-151 -65
238 157
572 -309
402 634
-528 -895
537 -205
543 -310
795 820
849 113
-711 357
94 899
449 -367
-187 -537
154 -679
-522 316
-91 857
441 -296
638 795
991 -146
-315 523
511 206
-498 -81
-555 325
79 -62
-802 -363
-204 -862
335 849
800 -753
849 -748
-466 961
-32 457
-825 46
92 -412
211 146
-135 442
-407 887
-954 -542
-38 680
-336 -376
833 286
-918 166
-761 -4
-38 -565
-189 -33
238 997
-523 -232
-423 -208
-96 169
-473 -401
-314 -244
-161 -720
-568 911
-54 981
-110 -333
-901 495
-350 -446
803 248
-452 153
-76 599
632 112
-347 -685
43 324
-770 -27
132 107
71 717
267 -22
-965 -428
-156 858
-800 527
-976 91
907 513
-680 -716
797 -779
-5 -869
-839 -139
-377 -135
-146 -735
839 585
745 -894
845 624
-827 -252
-894 -705
194 -363
752 -174
620 383
298 -757
-53 699
-870 765
871 868
-75 418
-562 -65
-893 413
946 986
-781 -243
295 457
306 -183
-424 -998
60 -727
732 437
974 -952
-254 -994
993 282
-155 475
-354 845
-422 -733
493 -602
666 667
-256 -143
485 649
969 77
-652 958
-675 -604
-474 943
-975 -874
-256 970
409 -785
219 -173
104 253
343 -830
-107 -555
656 -287
77 104
616 55
140 724
-841 -762
75 478
-522 274
-377 -859
-812 -392
369 -742
-35 127
225 -5
763 -858
712 -537
132 -184
-329 480
-715 67
-886 -789
-368 -496
861 140
259 444
-21 -673
-308 237
-984 -85
-828 795
-145 98
448 -794
-129 -834
56 708
-436 -590
-161 127
984 826
-219 719
-238 115
-32 547
937 -190
-274 -816
-401 350
-674 -45
-338 -398
-470 798
645 769
-242 920
-676 151
-13 72
-264 -366
-797 -610
108 -70
408 512
362 630
-348 -260
-371 79
394 -572
-199 142
-132 -623
-606 157
527 -952
-833 -978
613 -988
-667 -733
196 108
-973 -350
-151 -569
370 -1000
226 542
209 491
750 -84
-657 -949
-519 39
-487 -667
-516 -188
889 746
106 557
256 -885
46 -605
-339 -753
387 -51
200 611
-409 919
763 -339
436 933
-770 -175
-132 785
906 152
13 176
-643 -937
347 -442
685 -589
869 824
378 976
600 647
69 -288
-915 441
21 -976
954 280
-210 188
305 -4
-318 -126
-160 410
975 -165
109 -853
-551 -943
878 646
-161 -676
-548 -897
613 79
-986 439
-284 -999
787 -269
15 -193
776 870
38 417
182 -703
993 964
627 -523
-838 -820
640 -207
392 -149
-201 818
-341 389
-136 -727
-351 -756
214 709
-63 -479
334 -900
357 -115
278 -296
299 931
520 -934
-730 506
-957 102
850 599
-326 71
111 -50
-700 -449
963 408
-637 -275
-890 454
-148 393
-577 995
-542 -42
-781 -172
-138 -787
-134 300
723 -817
-364 698
-48 412
995 413
815 -83
-948 472
-199 -621
-339 50
-314 -91
-816 -394
-163 -404
-181 -398
-870 584
-326 -684
942 339
7 -769
-292 -575
-487 651
521 -26
-984 -760
615 528
804 -946
630 -575
986 -716
-766 584
44 883
696 -784
380 883
-414 -101
109 16
373 914
-459 -136
735 848
-401 354
426 -837
408 -924
641 208
-965 152
151 929
-219 846
229 75
-379 567
716 727
-668 269
-552 -636
7 -548
-865 -196
-198 86
-418 186
533 732
-724 657
38 -243
729 -734
515 -285
-401 -736
-154 -664
956 109
-438 -697
666 435
-169 -587
-296 734
145 50
-848 -431
-418 900
-927 -776
-248 436
538 440
-289 344
-551 870
634 657
667 -872
-399 -565
101 948
-820 646
-589 108
-714 672
774 635
-416 779
-880 856
-430 -226
866 -741
943 359
-775 599
-906 -235
-849 -522
-456 -126
-468 -424
774 714
-647 956
-488 60
-800 -379
-67 58
-797 -481
563 -647
733 -373
938 -716
423 499
9 657
930 -277
-855 253
-765 -436
966 954
218 926
-478 158
917 -674
109 886
651 521
-871 391
878 -115
-824 -757
617 -155
-832 -422
-144 -728
-521 -414
489 235
-451 -718
199 -79
-429 66
191 487
-347 -942
521 -75
462 -712
189 -983
-534 -436
-122 509
762 -938
-392 590
14 -180
830 -210
-565 -489
-715 -351
339 -873
-274 -694
23 -709
259 893
-270 -349
912 -943
-568 -958
-445 -829
143 -1000
-800 717
-260 658
490 -144
-941 -323
850 348
-852 -889
320 -349
130 -849
-127 447
-621 -35
63 597
170 -657
840 -572
-630 556
898 878
538 714
901 -374
-425 -984
121 -815
729 981
424 -99
694 -780
928 731
836 -916
-344 -866
38 908
-780 634
-683 377
160 -721
719 421
-393 -377
-50 640
305 -92
-118 267
41 764
-441 283
-375 133
-170 456
740 -351
973 -301
-744 -12
359 833
328 124
-216 331
499 -374
179 -774
-817 -706
853 -508
-918 803
-99 718
593 641
362 -176
265 -827
-606 -324
798 891
303 370
-945 965
-862 -14
-959 830
-609 -801
9 342
754 -586
-390 -964
-756 792
-164 -612
-275 -634
-135 475
918 98
51 571
-931 -200
-568 714
-241 838
369 -393
556 791
-71 939
22 -783
872 334
-202 165
-675 710
-929 -402
961 -951
-98 955
815 13
720 746
109 520
-647 850
-188 180
170 869
524 355
-899 83
-724 780
-28 933
-649 -678
64 -495
-573 -114
-580 539
-579 -392
717 -595
164 -961
-600 836
-252 791
-450 278
-294 -355
-863 -785
862 352
149 -904
-915 -335
-774 -625
-885 861
17 168
-892 608
230 883
734 -951
-452 988
82 -847
714 -414
889 415
-451 -98
-317 -769
930 12
-585 701
-993 365
169 679
-880 573
-899 -266
71 526
-978 -587
-39 -276
-421 -256
-380 528
-173 116
-767 522
-13 48
-141 -163
995 727
945 -381
553 418
-352 -490
-728 -583
-447 -596
655 874
990 -104
956 -771
-445 903
57 465
-85 -691
-514 731
301 -253
-715 -564
-714 716
789 -614
387 817
513 -256
-59 -679
693 564
203 -936
-29 158
-613 -200
752 -773
172 391
648 -771
606 -250
652 626
-557 933
-193 -478
-883 -395
-444 -976
-658 679
743 -922
306 -388
951 -503
125 -480
553 -963
-429 -892
-915 -420
-91 -909
-14 89
321 86
-952 -230
417 612
372 818
822 -17
-572 -642
297 712
733 -323
858 -173
-701 -994
682 686
674 837
261 737
271 493
906 372
-968 293
915 486
124 -199
217 -820
-893 332
-697 -863
301 262
263 334
-628 -707
-652 -401
526 55
276 209
-516 534
-293 -252
197 158
61 290
-653 761
-631 -485
374 715
-451 -536
-860 -406
101 -479
-182 185
-916 -174
-341 47
-821 45
-497 771
878 -406
-638 -666
876 -713
-22 560
-460 979
63 229
521 -45
-347 -569
-683 -656
230 -24
-806 -696
219 778
-112 766
927 746
-546 -364
321 -398
-507 998
297 959
79 540
5 359
-207 -568
-704 503
314 -846
570 521
-764 -375
-231 406
677 751
975 877
197 -94
-269 909
-354 -80
622 584
90 -28
840 -974
31 229
670 187
-481 710
-768 732
-819 461
134 17
881 597
-457 -913
-363 -852
-179 -855
-296 -31
-766 -811
65 -385
896 639
361 -720
298 854
759 -144
505 -226
556 819
326 -152
903 -167
-976 727
427 572
693 589
-580 -633
-691 601
-889 623
501 559
517 693
396 -78
-57 380
-815 175
-152 -869
-442 518
-755 623
972 453
727 821
-326 310
-738 -751
-758 -756
845 818
-33 -556
-148 -345
333 -899
-74 935
-189 -174
600 -114
-938 224
-518 492
649 476
-913 -668
-719 628
138 -496
-742 700
740 603
328 30
616 -986
987 -175
-618 469
-523 -848
-234 -679
-64 -703
-584 979
-301 -882
752 423
-95 -101
21 660
-864 -595
-255 428
319 -661
862 756
749 175
-910 -996
248 -19
-324 -372
-531 144
-542 210
531 854
256 457
522 747
432 212
245 773
496 894
-851 -21
-721 76
804 720
335 -985
-316 -86
567 902
689 58
599 167
-501 489
-428 -641
161 -993
-866 438
-916 159
538 473
-990 299
-79 -718
908 445
705 -852
925 721
460 -351
353 -388
-641 996
590 -890
-520 -199
-613 28
-708 -703
-584 -867
525 966
396 364
388 957
447 -528
-483 271
140 372
637 -575
170 -990
919 759
133 231
-685 968
-704 -692
75 867
-875 920
487 601
877 773
709 -530
-883 -858
604 560
824 291
726 295
-986 -546
121 -67
-620 -139
542 -709
-736 -29
119 -333
677 226
798 896
-377 118
335 328
-920 -383
-482 -783
246 340
-200 -179
-276 171
22 238
23 -29
329 888
-834 196
359 -972
-996 539
256 957
861 -825
274 -395
779 -606
-358 985
977 723
-972 664
-338 -645
-762 734
478 -562
246 679
417 -845
-425 49
-10 -249
-218 299
-535 497
560 -260
606 -834
194 -320
-25 -400
-26 -147
64 452
-388 -132
762 -820
-730 -303
-66 635
290 -160
-674 -493
-911 -9
-18 885
-891 733
609 -190
-774 935
-780 -683
552 -281
-29 -607
495 241
903 -889
165 206
879 728
535 465
-293 -312
279 102
247 -985
884 -336
205 849
105 -943
294 -439
-196 593
-318 688
-816 -902
156 -309
386 -665
-353 -318
662 -105
-251 -777
665 150
763 -808
-845 -94
785 -676
