-311 571
-82 -679
8 143
-384 -976
334 -926
236 -607
-325 -667
870 776
613 -523
251 369
830 51
-607 436
907 501
-470 -729
932 -748
688 -792
-731 -418
480 973
-261 566
277 -273
-538 -744
-329 -163
-328 -834
66 -162
-153 420
-187 788
524 -855
-345 996
-624 -79
847 -565
-769 -426
416 913
-596 854
-181 33
-545 -25
-542 257
794 679
186 596
760 -908
-183 -530
424 90
677 -608
-384 -927
386 731
-404 808
733 -555
-238 541
-102 968
-634 373
315 960
359 573
415 117
813 168
783 -486
-325 -856
5 143
-125 -33
389 -823
372 -270
285 -258
509 626
-548 -718
-576 786
-558 -383
-550 649
954 -535
-258 -270
-698 506
-19 -491
-650 -356
-706 -304
24 -534
-113 545
-487 436
730 534
439 319
839 921
377 -238
-836 260
-316 -982
-913 -37
35 -35
-255 -935
823 -329
659 -969
-381 -146
-66 143
596 103
-239 -412
963 -766
-370 777
-147 903
-559 -290
-39 846
878 570
-724 571
-172 36
987 72
430 46
-738 -903
